Frame: 0
1 99 142 33 51
Frame: 1
1 101 143 34 53
Frame: 2
1 106 144 32 53
Frame: 3
1 110 143 32 57
Frame: 4
1 112 143 35 59
Frame: 5
1 112 140 40 63
Frame: 6
1 114 137 42 67
Frame: 7
1 119 136 42 65
Frame: 8
1 122 132 44 75
Frame: 9
1 128 131 40 83
Frame: 10
1 133 132 42 79
Frame: 11
1 139 132 37 83
Frame: 12
1 146 131 34 83
Frame: 13
1 149 131 32 79
Frame: 14
1 154 130 33 85
Frame: 15
1 156 128 35 87
Frame: 16
1 159 124 39 91
Frame: 17
1 160 124 42 90
Frame: 18
1 163 122 46 93
Frame: 19
1 165 122 46 93
Frame: 20
1 173 121 42 94
Frame: 21
1 177 122 45 93
Frame: 22
1 184 122 43 91
Frame: 23
1 188 123 42 85
Frame: 24
1 194 119 44 92
Frame: 25
1 198 115 43 95
Frame: 26
1 200 116 43 99
Frame: 27
1 204 112 44 99
Frame: 28
1 207 112 45 96
Frame: 29
1 211 110 46 105
Frame: 30
1 218 112 42 100
Frame: 31
1 225 110 37 90
Frame: 32
1 231 108 35 93
Frame: 33
1 237 106 32 101
Frame: 34
1 238 107 34 99
Frame: 35
1 239 103 38 101
Frame: 36
1 239 100 46 98
Frame: 37
1 242 100 51 95
Frame: 38
1 243 101 54 94
Frame: 39
1 250 101 48 99
Frame: 40
1 256 101 45 101
Frame: 41
1 263 102 43 96
Frame: 42
1 270 101 41 98
Frame: 43
1 275 100 42 96
Frame: 44
1 278 98 41 97
Frame: 45
1 281 96 40 98
Frame: 46
1 282 96 42 95
Frame: 47
1 286 93 41 95
Frame: 48
1 290 94 40 91
Frame: 49
1 295 94 40 90
Frame: 50
1 299 95 39 87
Frame: 51
1 306 91 35 91
Frame: 52
1 311 88 32 96
Frame: 53
1 314 86 31 97
Frame: 54
1 314 86 34 93
Frame: 55
1 317 86 37 91
Frame: 56
1 318 87 40 88
Frame: 57
1 320 84 38 90
1 317 40 54 132
Frame: 58
1 323 72 36 107
1 321 26 51 151
Frame: 59
1 326 70 39 109
Frame: 60
1 333 84 40 91
Frame: 61
1 337 83 38 89
Frame: 62
1 339 82 42 90
Frame: 63
1 339 84 43 87
Frame: 64
1 343 81 39 88
Frame: 65
1 345 79 38 91
Frame: 66
1 347 65 36 101
Frame: 67
1 352 74 31 89
Frame: 68
1 355 67 28 84
Frame: 69
Frame: 70
Frame: 71
Frame: 72
Frame: 73
Frame: 74
Frame: 75
Frame: 76
Frame: 77
Frame: 78
Frame: 79
Frame: 80
Frame: 81
Frame: 82
Frame: 83
Frame: 84
Frame: 85
Frame: 86
Frame: 87
Frame: 88
Frame: 89
Frame: 90
Frame: 91
Frame: 92
Frame: 93
Frame: 94
Frame: 95
Frame: 96
Frame: 97
Frame: 98
Frame: 99
Frame: 100
Frame: 101
Frame: 102
Frame: 103
Frame: 104
Frame: 105
Frame: 106
Frame: 107
Frame: 108
Frame: 109
Frame: 110
Frame: 111
Frame: 112
Frame: 113
Frame: 114
Frame: 115
Frame: 116
Frame: 117
Frame: 118
Frame: 119
Frame: 120
Frame: 121
Frame: 122
Frame: 123
Frame: 124
Frame: 125
Frame: 126
Frame: 127
Frame: 128
Frame: 129
Frame: 130
Frame: 131
Frame: 132
Frame: 133
Frame: 134
Frame: 135
Frame: 136
Frame: 137
Frame: 138
Frame: 139
Frame: 140
Frame: 141
1 327 28 29 94
Frame: 142
1 327 32 23 87
Frame: 143
1 324 35 20 71
Frame: 144
1 317 32 26 75
Frame: 145
1 312 36 29 71
Frame: 146
1 310 34 30 74
Frame: 147
1 308 34 31 73
Frame: 148
1 308 34 29 70
Frame: 149
1 308 34 27 71
Frame: 150
1 307 33 26 72
Frame: 151
1 305 32 26 73
Frame: 152
1 303 33 25 73
Frame: 153
1 300 34 26 70
Frame: 154
1 299 33 26 73
Frame: 155
1 296 33 27 74
Frame: 156
1 294 34 27 72
Frame: 157
1 292 35 28 70
Frame: 158
1 290 36 28 69
Frame: 159
1 288 34 29 71
Frame: 160
1 288 34 29 70
Frame: 161
1 287 34 29 69
Frame: 162
1 286 35 28 70
Frame: 163
1 285 35 27 70
Frame: 164
1 284 33 27 70
Frame: 165
1 283 33 25 70
Frame: 166
1 283 32 23 70
Frame: 167
1 282 32 22 70
Frame: 168
1 282 32 21 70
Frame: 169
1 279 32 22 71
Frame: 170
1 278 31 21 70
Frame: 171
1 275 32 23 70
Frame: 172
1 275 32 24 69
Frame: 173
1 273 30 25 71
Frame: 174
1 273 31 25 70
Frame: 175
1 272 31 24 70
Frame: 176
1 273 30 22 70
Frame: 177
1 274 29 21 70
Frame: 178
1 273 28 22 70
Frame: 179
1 272 28 23 68
Frame: 180
1 272 28 22 69
Frame: 181
1 271 28 23 68
Frame: 182
1 270 30 22 67
Frame: 183
1 269 29 22 67
Frame: 184
1 268 28 23 68
Frame: 185
1 268 29 22 66
Frame: 186
1 266 29 22 66
Frame: 187
1 265 31 23 64
Frame: 188
1 264 31 23 64
Frame: 189
1 264 33 23 61
Frame: 190
1 264 30 22 65
Frame: 191
1 263 30 23 65
Frame: 192
1 263 30 22 64
Frame: 193
1 262 29 24 64
Frame: 194
1 261 29 24 64
Frame: 195
1 261 28 24 66
Frame: 196
1 261 29 23 65
Frame: 197
1 261 29 23 65
Frame: 198
1 260 30 24 64
Frame: 199
1 261 29 22 65
Frame: 200
1 260 30 22 64
Frame: 201
1 260 30 21 64
Frame: 202
1 260 30 21 64
Frame: 203
1 259 29 21 65
Frame: 204
1 259 30 21 64
Frame: 205
1 259 29 21 65
Frame: 206
1 259 28 21 66
Frame: 207
1 259 28 21 66
Frame: 208
1 259 29 21 65
Frame: 209
1 259 29 21 65
Frame: 210
1 259 29 21 65
Frame: 211
1 259 29 21 65
Frame: 212
1 258 25 22 69
Frame: 213
1 258 25 22 69
Frame: 214
1 258 24 21 70
Frame: 215
1 258 28 21 67
Frame: 216
1 258 26 21 69
Frame: 217
1 258 23 21 71
Frame: 218
1 258 25 21 68
Frame: 219
1 258 25 20 69
Frame: 220
1 258 25 20 70
Frame: 221
1 258 24 20 71
Frame: 222
1 257 24 21 71
Frame: 223
1 257 26 21 69
Frame: 224
1 257 27 20 68
Frame: 225
1 257 25 20 69
Frame: 226
1 257 28 20 65
Frame: 227
1 256 28 21 65
Frame: 228
1 257 27 20 60
Frame: 229
Frame: 230
Frame: 231
Frame: 232
Frame: 233
Frame: 234
Frame: 235
1 256 18 20 76
Frame: 236
1 254 22 22 71
Frame: 237
1 254 21 22 72
Frame: 238
1 254 22 22 71
Frame: 239
1 253 19 23 75
Frame: 240
1 253 20 23 74
Frame: 241
1 253 24 23 69
Frame: 242
1 253 21 23 72
Frame: 243
1 253 22 23 71
Frame: 244
1 252 26 23 68
Frame: 245
1 252 23 23 71
Frame: 246
1 251 22 23 72
Frame: 247
1 250 24 23 70
Frame: 248
1 249 24 24 69
Frame: 249
1 249 25 24 68
Frame: 250
1 249 25 23 68
Frame: 251
1 249 24 23 68
Frame: 252
1 248 21 23 71
Frame: 253
1 248 23 23 69
Frame: 254
1 248 22 22 71
Frame: 255
1 248 22 22 71
Frame: 256
1 248 21 22 71
Frame: 257
1 248 22 22 70
Frame: 258
1 248 22 22 70
Frame: 259
1 248 22 22 69
Frame: 260
1 248 23 21 69
Frame: 261
1 247 24 22 68
Frame: 262
1 247 25 22 67
Frame: 263
1 247 26 21 66
Frame: 264
1 246 25 22 67
Frame: 265
1 246 23 22 69
Frame: 266
1 246 22 22 69
Frame: 267
1 245 22 23 69
Frame: 268
1 245 21 23 70
Frame: 269
1 245 21 23 70
Frame: 270
1 245 22 22 69
Frame: 271
1 245 22 22 69
Frame: 272
1 245 21 22 70
Frame: 273
1 245 21 21 70
Frame: 274
1 245 21 21 70
Frame: 275
1 245 22 20 69
Frame: 276
1 246 22 20 69
Frame: 277
1 246 22 20 69
Frame: 278
1 246 22 20 69
Frame: 279
1 246 22 20 70
Frame: 280
1 246 22 19 70
Frame: 281
1 245 22 20 70
Frame: 282
1 245 22 20 70
Frame: 283
1 245 22 20 70
Frame: 284
1 245 22 20 69
Frame: 285
1 245 22 20 69
Frame: 286
1 245 23 20 68
Frame: 287
1 245 22 20 70
Frame: 288
1 246 22 19 69
Frame: 289
1 246 22 19 69
Frame: 290
1 246 22 18 70
Frame: 291
1 246 22 18 70
Frame: 292
1 246 23 19 69
Frame: 293
1 246 23 18 69
Frame: 294
1 246 22 19 70
Frame: 295
1 246 22 19 69
Frame: 296
1 245 22 19 70
Frame: 297
1 245 21 20 71
Frame: 298
1 245 21 20 71
Frame: 299
1 245 22 20 70
Frame: 300
1 245 22 20 70
Frame: 301
1 245 22 20 69
Frame: 302
1 245 22 20 69
Frame: 303
1 245 22 20 69
Frame: 304
1 245 22 20 69
Frame: 305
1 245 23 20 68
Frame: 306
1 245 23 20 68
Frame: 307
1 245 24 21 67
Frame: 308
1 245 24 20 67
Frame: 309
1 245 25 20 66
Frame: 310
1 245 25 20 66
Frame: 311
1 245 25 20 66
Frame: 312
1 245 25 20 65
Frame: 313
1 245 24 20 67
Frame: 314
1 245 24 20 66
Frame: 315
1 245 24 20 67
Frame: 316
1 245 24 20 67
Frame: 317
1 245 24 20 67
Frame: 318
1 245 24 20 66
Frame: 319
1 245 25 20 65
Frame: 320
1 245 24 20 66
Frame: 321
1 245 24 20 66
Frame: 322
1 245 23 20 67
Frame: 323
1 245 23 21 68
Frame: 324
1 245 22 20 69
Frame: 325
1 245 22 20 69
Frame: 326
1 244 22 21 70
Frame: 327
1 244 23 21 69
Frame: 328
1 244 22 21 70
Frame: 329
1 244 23 21 68
Frame: 330
1 244 23 21 68
Frame: 331
1 244 23 21 68
Frame: 332
1 244 23 20 69
Frame: 333
1 243 23 21 69
Frame: 334
1 243 23 21 68
Frame: 335
1 243 23 21 68
Frame: 336
1 243 23 21 68
Frame: 337
1 243 23 21 68
Frame: 338
1 243 24 21 67
Frame: 339
1 243 24 21 67
Frame: 340
1 242 23 22 68
Frame: 341
1 242 24 21 68
Frame: 342
1 242 24 21 68
Frame: 343
1 242 24 21 68
Frame: 344
1 241 24 21 68
Frame: 345
1 241 23 21 69
Frame: 346
1 240 23 22 69
Frame: 347
1 240 21 22 71
Frame: 348
1 239 20 23 72
Frame: 349
1 239 21 23 70
Frame: 350
1 238 21 24 70
Frame: 351
1 238 22 24 70
Frame: 352
1 237 21 24 71
Frame: 353
1 236 21 24 70
Frame: 354
1 236 20 24 71
Frame: 355
1 236 21 23 70
Frame: 356
1 236 22 23 70
Frame: 357
1 235 22 23 71
Frame: 358
1 235 22 23 71
Frame: 359
1 235 21 22 72
Frame: 360
1 234 21 23 72
Frame: 361
1 233 23 23 70
Frame: 362
1 232 23 23 69
Frame: 363
1 232 23 23 69
Frame: 364
1 232 23 23 69
Frame: 365
1 231 23 23 69
Frame: 366
1 231 23 23 69
Frame: 367
1 230 23 23 69
Frame: 368
1 230 23 21 69
Frame: 369
1 229 22 22 70
Frame: 370
1 229 22 22 70
Frame: 371
1 228 23 21 69
Frame: 372
1 228 23 21 68
Frame: 373
1 227 21 22 70
Frame: 374
1 228 23 22 69
Frame: 375
1 226 23 23 69
Frame: 376
1 226 23 23 69
Frame: 377
1 226 23 23 70
Frame: 378
1 225 23 23 70
Frame: 379
1 225 23 22 71
Frame: 380
1 225 23 21 72
Frame: 381
1 225 24 21 70
Frame: 382
1 224 23 22 71
Frame: 383
1 224 23 22 70
Frame: 384
1 223 22 22 71
Frame: 385
1 222 23 23 71
Frame: 386
1 221 24 24 70
Frame: 387
1 219 27 25 66
Frame: 388
1 219 26 25 67
Frame: 389
1 217 26 26 68
Frame: 390
1 217 28 26 66
Frame: 391
1 215 26 26 68
Frame: 392
1 214 28 27 66
Frame: 393
1 213 28 28 66
Frame: 394
1 212 28 27 66
Frame: 395
1 211 30 26 64
Frame: 396
1 208 27 26 67
Frame: 397
1 208 30 24 65
Frame: 398
1 208 28 23 66
Frame: 399
1 205 25 24 72
Frame: 400
1 205 31 22 65
Frame: 401
1 203 29 24 68
Frame: 402
1 200 31 27 66
Frame: 403
1 197 30 30 70
Frame: 404
1 196 32 30 68
Frame: 405
1 195 32 31 69
Frame: 406
1 193 34 25 69
Frame: 407
1 192 34 22 69
Frame: 408
1 190 35 21 68
Frame: 409
1 187 38 24 64
Frame: 410
1 183 36 25 64
Frame: 411
1 179 33 29 70
Frame: 412
1 176 35 30 70
Frame: 413
1 170 36 33 69
Frame: 414
1 167 38 36 68
Frame: 415
1 164 37 38 70
Frame: 416
1 161 38 38 64
Frame: 417
1 159 39 37 67
Frame: 418
1 164 42 28 66
Frame: 419
1 164 41 27 69
Frame: 420
1 164 38 25 66
Frame: 421
1 163 39 23 68
Frame: 422
1 162 40 21 69
Frame: 423
1 159 40 24 72
Frame: 424
1 154 41 27 71
Frame: 425
1 149 41 33 71
Frame: 426
1 146 41 35 72
Frame: 427
1 146 41 33 72
Frame: 428
1 145 43 31 70
Frame: 429
1 142 42 30 72
Frame: 430
1 142 42 26 70
Frame: 431
1 141 42 25 70
Frame: 432
1 138 42 27 71
Frame: 433
1 136 42 25 73
Frame: 434
1 134 43 27 72
Frame: 435
1 131 43 27 72
Frame: 436
1 127 47 30 68
Frame: 437
1 125 47 33 70
Frame: 438
1 123 46 33 72
Frame: 439
1 120 47 34 71
Frame: 440
1 116 48 35 71
Frame: 441
1 116 48 32 70
Frame: 442
1 116 48 29 71
Frame: 443
1 116 47 26 71
Frame: 444
1 115 46 24 72
Frame: 445
1 113 47 24 72
Frame: 446
1 108 49 28 72
Frame: 447
1 102 49 33 73
Frame: 448
1 99 50 35 72
Frame: 449
1 99 51 35 72
Frame: 450
1 97 51 35 73
Frame: 451
1 98 53 31 72
Frame: 452
1 97 51 29 73
Frame: 453
1 96 51 25 73
Frame: 454
1 94 53 23 70
Frame: 455
1 88 51 28 73
Frame: 456
1 84 51 28 75
Frame: 457
1 82 52 29 75
Frame: 458
1 78 54 31 73
Frame: 459
1 75 54 33 73
Frame: 460
1 73 55 36 72
Frame: 461
1 70 56 39 72
Frame: 462
1 67 55 39 75
Frame: 463
1 65 58 36 73
Frame: 464
1 63 58 36 71
Frame: 465
1 63 56 32 76
Frame: 466
1 64 55 28 76
Frame: 467
1 64 54 26 79
Frame: 468
1 62 55 26 78
Frame: 469
1 55 55 31 80
Frame: 470
1 50 58 35 76
Frame: 471
1 49 58 35 77
Frame: 472
1 48 58 35 77
Frame: 473
1 47 61 35 75
Frame: 474
1 46 59 32 79
Frame: 475
1 44 59 29 80
Frame: 476
1 42 60 29 79
Frame: 477
1 40 60 28 78
Frame: 478
1 37 60 28 79
Frame: 479
1 32 58 29 84
Frame: 480
1 29 60 30 85
Frame: 481
1 26 61 32 83
Frame: 482
1 21 62 36 83
Frame: 483
1 18 63 38 84
Frame: 484
1 15 65 40 81
Frame: 485
1 13 66 40 80
Frame: 486
1 9 65 39 83
Frame: 487
1 10 65 33 83
Frame: 488
1 10 65 31 79
Frame: 489
1 9 66 29 80
Frame: 490
1 10 67 26 80
Frame: 491
1 6 65 30 84
Frame: 492
1 3 65 31 83
Frame: 493
1 1 67 34 83
Frame: 494
1 1 69 35 83
Frame: 495
1 0 68 30 61
Frame: 496
1 0 71 22 51
Frame: 497
Frame: 498
Frame: 499
Frame: 500
Frame: 501
Frame: 502
Frame: 503
Frame: 504
Frame: 505
Frame: 506
Frame: 507
Frame: 508
Frame: 509
Frame: 510
Frame: 511
Frame: 512
Frame: 513
Frame: 514
Frame: 515
Frame: 516
Frame: 517
Frame: 518
Frame: 519
Frame: 520
Frame: 521
Frame: 522
Frame: 523
Frame: 524
Frame: 525
Frame: 526
Frame: 527
Frame: 528
Frame: 529
Frame: 530
Frame: 531
Frame: 532
Frame: 533
Frame: 534
Frame: 535
Frame: 536
Frame: 537
