Frame: 0
0 1652 516 264 332 Car
0 408 112 176 132 Car
0 28 4 132 92 Car
3 188 212 496 460 Minitruck
Frame: 1
0 0 68 168 288 Car
2 300 168 644 688 Truck
3 0 24 168 332 Minitruck
Frame: 2
0 0 180 120 148 Car
0 760 736 484 224 Car
0 268 364 356 300 Car
Frame: 3
0 0 200 188 176 Car
3 316 272 552 628 Minitruck
Frame: 4
0 0 32 56 268 Car
2 96 80 844 784 Truck
Frame: 5
0 672 692 448 272 Car
0 588 188 236 160 Car
0 276 396 312 276 Car
0 0 216 172 176 Car
3 1436 408 432 316 Minitruck
Frame: 6
0 4 200 108 152 Car
0 144 372 196 212 Car
0 24 0 176 80 Car
3 332 244 560 636 Minitruck
Frame: 7
0 0 180 108 148 Car
0 124 0 196 152 Car
3 124 0 204 152 Minitruck
4 160 128 756 736 Bus
Frame: 8
0 56 312 232 196 Car
2 276 240 636 628 Truck
2 1580 84 336 800 Truck
3 1588 96 328 772 Minitruck
3 272 224 644 648 Minitruck
5 876 248 320 252 Minibus
Frame: 9
0 148 328 252 200 Car
3 316 336 524 532 Minitruck
