Frame: 0

Frame: 1

Frame: 2
1 267 86 53 100 -1 -1 299 115 311 111 319 127 -1 -1 287 119 279 137 271 147 315 149 293 147 301 173 303 151 277 153 289 179 -1 -1 -1 -1 299 99 287 103 
Frame: 3
1 262 92 55 93 -1 -1 299 117 311 113 313 125 -1 -1 287 123 277 139 269 147 313 149 293 149 301 169 301 151 273 153 289 177 -1 -1 -1 -1 297 101 287 107 
Frame: 4
1 260 96 54 88 -1 -1 299 119 307 113 309 121 -1 -1 289 125 279 141 267 145 309 149 293 149 299 169 299 151 271 153 287 175 -1 -1 -1 -1 295 103 285 109 
Frame: 5
1 259 97 53 86 281 113 297 117 303 113 309 123 -1 -1 287 125 279 143 263 147 309 147 287 149 297 169 301 151 271 153 285 177 -1 -1 281 109 293 107 285 109 
Frame: 6
1 257 97 55 85 277 113 293 117 297 115 293 135 291 141 287 123 279 141 261 155 309 143 287 149 301 167 305 145 279 153 289 177 277 111 279 111 -1 -1 285 109 
Frame: 7
1 261 99 53 81 277 115 291 117 291 115 289 131 -1 -1 289 121 285 137 271 151 309 137 285 151 301 169 305 141 283 153 295 177 275 113 279 111 -1 -1 283 109 
Frame: 8
1 264 99 50 83 277 113 289 117 287 115 289 129 275 143 289 117 -1 -1 -1 -1 305 137 285 151 303 165 305 137 287 151 297 175 275 111 277 109 -1 -1 283 109 
Frame: 9
1 267 98 45 79 277 109 285 117 279 119 283 129 283 139 291 113 291 125 281 137 295 137 283 151 299 165 305 135 289 149 303 169 275 109 277 107 269 109 283 107 
Frame: 10
1 271 100 45 72 275 109 285 115 279 119 285 127 287 133 291 109 297 117 289 129 297 135 285 147 301 163 305 129 303 145 311 163 273 109 277 107 269 111 281 105 
Frame: 11
1 271 100 48 63 275 111 283 113 277 119 283 129 285 135 289 107 299 111 287 135 293 133 285 145 299 159 305 127 305 131 315 147 273 109 275 109 269 113 279 107 
Frame: 12

Frame: 13

Frame: 14

Frame: 15

Frame: 16

Frame: 17

Frame: 18

Frame: 19

Frame: 20
3 244 98 100 65 277 109 285 109 283 111 271 119 261 119 287 111 275 119 257 121 301 123 303 137 301 155 311 117 323 133 333 153 277 103 279 107 -1 -1 281 105 
Frame: 21

Frame: 22
3 258 96 91 70 277 113 287 111 283 115 275 117 261 117 291 109 307 129 -1 -1 303 123 307 137 307 157 315 119 325 131 335 153 -1 -1 279 109 -1 -1 283 107 
Frame: 23

Frame: 24
3 261 95 88 71 277 111 287 109 283 113 273 119 261 117 291 109 -1 -1 -1 -1 305 123 309 137 311 155 313 119 325 133 335 153 -1 -1 279 109 -1 -1 283 107 
Frame: 25
3 262 95 87 71 275 111 287 109 283 113 271 119 261 117 289 109 275 119 255 117 305 123 309 137 311 155 311 119 325 133 335 153 -1 -1 279 109 -1 -1 283 107 
Frame: 26

Frame: 27

Frame: 28
3 245 95 105 67 275 111 285 109 283 111 273 117 261 117 289 109 277 119 257 117 303 123 307 137 311 157 313 117 325 133 337 153 -1 -1 279 109 -1 -1 281 107 
Frame: 29

Frame: 30

Frame: 31

Frame: 32

Frame: 33

Frame: 34

Frame: 35

Frame: 36

Frame: 37

Frame: 38

Frame: 39

Frame: 40

Frame: 41
3 257 96 93 69 277 111 287 109 -1 -1 -1 -1 -1 -1 289 109 279 119 259 117 303 121 309 135 309 157 311 117 323 133 337 153 -1 -1 281 109 -1 -1 283 109 
Frame: 42
3 257 97 92 70 277 111 287 109 -1 -1 -1 -1 -1 -1 287 111 279 119 259 117 303 121 309 135 309 157 309 117 323 133 337 153 -1 -1 281 109 -1 -1 283 109 
Frame: 43
3 258 97 92 70 277 111 289 109 -1 -1 -1 -1 -1 -1 287 111 -1 -1 -1 -1 303 121 309 135 309 157 309 117 323 133 337 153 -1 -1 281 109 -1 -1 283 109 
Frame: 44
3 257 97 92 70 279 109 289 109 -1 -1 -1 -1 -1 -1 -1 -1 -1 -1 -1 -1 305 121 309 135 309 157 311 117 323 133 337 153 -1 -1 -1 -1 -1 -1 -1 -1 
Frame: 45
3 257 97 92 70 279 109 289 109 285 111 275 117 263 117 -1 -1 -1 -1 -1 -1 305 121 307 135 309 157 313 117 325 133 337 153 -1 -1 -1 -1 -1 -1 -1 -1 
Frame: 46
3 257 97 92 69 279 109 291 109 -1 -1 -1 -1 -1 -1 -1 -1 -1 -1 -1 -1 307 121 309 135 311 157 309 119 323 133 337 151 -1 -1 -1 -1 -1 -1 -1 -1 
Frame: 47

Frame: 48

Frame: 49

Frame: 50

Frame: 51

Frame: 52

Frame: 53

Frame: 54

Frame: 55

