Frame: 0
Frame: 1
Frame: 2
Frame: 3
Frame: 4
Frame: 5
Frame: 6
Frame: 7
Frame: 8
Frame: 9
Frame: 10
Frame: 11
Frame: 12
Frame: 13
Frame: 14
Frame: 15
Frame: 16
1 435 87 43 35
Frame: 17
1 427 82 51 36
Frame: 18
1 421 79 57 37
Frame: 19
1 419 76 59 38
Frame: 20
1 413 73 65 38
Frame: 21
1 406 69 71 41
Frame: 22
1 405 68 70 39
Frame: 23
1 398 65 72 40
Frame: 24
1 393 64 70 40
Frame: 25
1 390 63 71 38
Frame: 26
1 387 61 68 38
Frame: 27
1 385 58 65 38
Frame: 28
1 379 56 68 39
Frame: 29
1 373 54 70 39
Frame: 30
1 372 53 68 38
Frame: 31
1 367 51 68 38
Frame: 32
1 362 49 69 39
Frame: 33
1 361 48 66 37
Frame: 34
1 357 47 68 40
Frame: 35
1 356 46 67 37
Frame: 36
1 353 46 65 37
Frame: 37
1 349 45 67 37
Frame: 38
1 346 45 67 37
Frame: 39
1 344 45 65 36
Frame: 40
1 343 44 65 36
Frame: 41
1 339 43 68 37
Frame: 42
1 339 42 64 37
Frame: 43
1 339 41 61 37
Frame: 44
1 336 41 62 37
Frame: 45
1 333 40 64 36
Frame: 46
1 331 39 64 37
Frame: 47
1 329 39 65 36
Frame: 48
1 327 38 65 37
Frame: 49
1 327 38 63 35
Frame: 50
1 325 37 61 35
Frame: 51
1 324 37 62 35
Frame: 52
1 321 36 62 36
Frame: 53
1 321 36 61 35
Frame: 54
1 318 35 62 35
Frame: 55
1 316 35 62 35
Frame: 56
1 315 34 61 36
Frame: 57
1 312 34 63 36
Frame: 58
1 311 33 63 37
Frame: 59
1 310 33 61 34
Frame: 60
1 308 33 60 34
Frame: 61
1 306 31 62 35
Frame: 62
1 304 30 63 36
Frame: 63
1 301 30 62 35
Frame: 64
1 301 30 61 35
Frame: 65
1 300 29 59 34
Frame: 66
1 297 28 60 35
Frame: 67
1 294 28 63 34
Frame: 68
1 292 27 63 35
Frame: 69
1 292 27 59 34
Frame: 70
1 289 26 62 35
Frame: 71
1 288 25 61 35
Frame: 72
1 286 24 60 33
Frame: 73
1 283 24 62 33
Frame: 74
1 281 23 62 34
Frame: 75
1 280 22 62 34
Frame: 76
1 280 22 60 34
Frame: 77
1 276 21 60 34
Frame: 78
1 275 22 59 31
Frame: 79
1 272 20 61 34
Frame: 80
1 270 19 59 33
Frame: 81
1 269 17 57 33
Frame: 82
1 267 17 59 33
Frame: 83
Frame: 84
Frame: 85
Frame: 86
Frame: 87
Frame: 88
Frame: 89
Frame: 90
Frame: 91
Frame: 92
Frame: 93
Frame: 94
Frame: 95
Frame: 96
Frame: 97
Frame: 98
Frame: 99
Frame: 100
Frame: 101
Frame: 102
Frame: 103
Frame: 104
Frame: 105
Frame: 106
Frame: 107
Frame: 108
Frame: 109
Frame: 110
Frame: 111
Frame: 112
Frame: 113
Frame: 114
Frame: 115
Frame: 116
Frame: 117
Frame: 118
Frame: 119
1 422 78 56 36
Frame: 120
1 412 72 66 34
Frame: 121
2 398 65 80 34
Frame: 122
2 384 59 89 34
Frame: 123
2 372 52 104 35
Frame: 124
2 360 48 108 33
Frame: 125
2 351 40 119 35
Frame: 126
2 338 37 118 33
Frame: 127
2 328 34 116 32
Frame: 128
2 317 28 114 34
Frame: 129
2 305 25 117 33
Frame: 130
2 298 23 111 30
Frame: 131
2 287 19 114 31
Frame: 132
2 279 14 112 33
Frame: 133
2 271 10 112 31
Frame: 134
2 267 10 106 28
Frame: 135
2 257 5 109 29
Frame: 136
2 253 3 103 28
Frame: 137
2 247 0 98 29
Frame: 138
2 240 0 101 24
Frame: 139
Frame: 140
Frame: 141
Frame: 142
Frame: 143
Frame: 144
Frame: 145
Frame: 146
Frame: 147
Frame: 148
Frame: 149
Frame: 150
Frame: 151
Frame: 152
Frame: 153
Frame: 154
Frame: 155
Frame: 156
Frame: 157
Frame: 158
Frame: 159
Frame: 160
Frame: 161
Frame: 162
Frame: 163
Frame: 164
Frame: 165
Frame: 166
Frame: 167
Frame: 168
Frame: 169
Frame: 170
Frame: 171
Frame: 172
Frame: 173
Frame: 174
Frame: 175
Frame: 176
Frame: 177
Frame: 178
Frame: 179
Frame: 180
Frame: 181
Frame: 182
Frame: 183
Frame: 184
Frame: 185
Frame: 186
Frame: 187
Frame: 188
Frame: 189
Frame: 190
1 421 73 57 44
Frame: 191
1 417 70 61 42
Frame: 192
1 406 66 72 43
Frame: 193
1 398 63 76 44
Frame: 194
1 390 60 77 43
Frame: 195
1 382 55 76 43
Frame: 196
1 374 52 74 44
Frame: 197
1 367 50 74 42
Frame: 198
1 357 47 75 43
Frame: 199
1 352 45 73 41
Frame: 200
1 345 41 73 42
Frame: 201
1 339 39 72 40
Frame: 202
1 334 37 71 40
Frame: 203
1 326 34 72 41
Frame: 204
1 322 32 68 39
Frame: 205
1 315 31 67 38
Frame: 206
1 309 27 69 39
Frame: 207
1 304 25 68 40
Frame: 208
1 299 23 67 39
Frame: 209
1 293 21 68 40
Frame: 210
1 291 20 65 39
Frame: 211
1 282 18 68 38
Frame: 212
1 280 18 64 37
Frame: 213
1 275 16 64 37
Frame: 214
1 269 14 66 38
Frame: 215
1 265 13 65 36
Frame: 216
1 260 12 66 37
Frame: 217
1 258 11 62 37
Frame: 218
1 253 10 63 36
Frame: 219
1 248 8 63 36
Frame: 220
1 245 7 61 35
Frame: 221
1 240 5 63 36
Frame: 222
1 237 5 61 35
Frame: 223
1 234 4 59 35
Frame: 224
1 229 2 60 36
Frame: 225
1 225 1 61 35
Frame: 226
1 221 0 60 35
Frame: 227
1 218 0 61 33
Frame: 228
1 213 0 61 32
Frame: 229
1 211 0 60 31
Frame: 230
1 206 0 61 30
Frame: 231
1 204 0 61 28
Frame: 232
1 203 0 53 27
Frame: 233
1 196 0 60 25
Frame: 234
2 194 0 59 23
Frame: 235
2 192 0 57 23
Frame: 236
2 187 0 59 22
Frame: 237
Frame: 238
Frame: 239
2 181 0 47 12
Frame: 240
2 254 80 130 35
Frame: 241
2 254 80 129 34
Frame: 242
2 254 80 129 34
Frame: 243
2 254 80 129 34
Frame: 244
2 254 80 129 34
Frame: 245
2 254 80 129 34
Frame: 246
2 254 80 129 34
Frame: 247
2 254 80 129 34
Frame: 248
2 254 80 129 34
Frame: 249
2 254 80 129 34
Frame: 250
2 254 80 129 34
Frame: 251
2 254 80 129 34
Frame: 252
2 254 80 130 34
Frame: 253
2 254 80 129 34
Frame: 254
2 254 80 129 34
Frame: 255
2 254 80 130 34
Frame: 256
2 254 80 129 34
Frame: 257
2 254 80 130 34
Frame: 258
2 254 80 130 34
Frame: 259
2 254 80 130 34
Frame: 260
2 254 80 130 34
Frame: 261
2 254 80 130 34
Frame: 262
2 254 80 129 34
Frame: 263
2 254 80 129 34
Frame: 264
2 254 80 130 34
Frame: 265
2 254 80 129 34
Frame: 266
2 254 80 128 35
Frame: 267
2 255 80 127 34
Frame: 268
2 255 80 128 34
Frame: 269
2 255 80 127 34
Frame: 270
2 255 80 127 34
Frame: 271
2 254 80 128 34
Frame: 272
2 255 80 127 34
Frame: 273
2 255 80 127 34
Frame: 274
2 255 80 127 34
Frame: 275
2 255 80 128 34
Frame: 276
2 255 80 128 34
Frame: 277
2 255 80 128 34
Frame: 278
2 255 80 128 34
Frame: 279
2 255 80 128 34
Frame: 280
2 255 80 128 34
Frame: 281
2 255 80 128 34
Frame: 282
2 255 80 128 34
Frame: 283
2 255 80 128 34
Frame: 284
2 255 80 128 34
Frame: 285
2 255 80 128 34
Frame: 286
2 255 80 128 34
Frame: 287
2 255 80 128 34
Frame: 288
2 255 80 128 34
Frame: 289
2 255 80 128 34
Frame: 290
2 255 80 128 34
Frame: 291
2 255 80 128 34
Frame: 292
2 255 80 128 34
Frame: 293
2 255 80 128 34
Frame: 294
2 255 80 128 34
Frame: 295
Frame: 296
Frame: 297
Frame: 298
Frame: 299
Frame: 300
1 429 95 49 39
Frame: 301
1 421 88 57 41
Frame: 302
1 409 83 69 38
Frame: 303
1 401 78 72 39
Frame: 304
1 391 72 72 39
Frame: 305
1 383 69 71 39
Frame: 306
1 373 64 70 39
Frame: 307
1 362 60 72 38
Frame: 308
1 353 55 71 39
Frame: 309
1 345 53 69 37
Frame: 310
1 339 49 67 37
Frame: 311
1 330 47 65 37
Frame: 312
1 322 41 65 37
Frame: 313
1 314 39 65 35
Frame: 314
1 307 35 62 35
Frame: 315
1 298 32 65 37
Frame: 316
1 291 29 64 36
Frame: 317
1 284 26 63 35
Frame: 318
1 278 24 61 34
Frame: 319
1 271 22 62 33
Frame: 320
1 264 19 60 34
Frame: 321
1 258 16 61 34
Frame: 322
1 252 14 60 32
Frame: 323
1 246 12 59 33
Frame: 324
1 240 9 59 33
Frame: 325
1 235 8 57 31
Frame: 326
1 229 6 58 31
Frame: 327
1 224 4 57 31
Frame: 328
1 218 3 56 29
Frame: 329
1 215 1 54 30
Frame: 330
1 210 0 54 29
Frame: 331
1 206 0 53 27
Frame: 332
1 200 0 56 26
Frame: 333
1 196 0 54 23
Frame: 334
1 194 0 52 22
Frame: 335
2 190 0 52 21
Frame: 336
2 184 0 53 18
Frame: 337
Frame: 338
Frame: 339
Frame: 340
Frame: 341
Frame: 342
Frame: 343
Frame: 344
Frame: 345
Frame: 346
Frame: 347
Frame: 348
Frame: 349
Frame: 350
Frame: 351
Frame: 352
1 417 122 61 37
Frame: 353
1 406 117 70 39
Frame: 354
1 399 111 75 37
Frame: 355
2 387 107 91 37
Frame: 356
2 379 99 98 40
Frame: 357
2 372 95 106 39
Frame: 358
2 362 90 116 39
Frame: 359
2 349 85 129 39
Frame: 360
2 343 81 127 36
Frame: 361
2 339 75 127 38
Frame: 362
2 327 69 130 39
Frame: 363
2 321 66 131 39
Frame: 364
2 312 63 128 38
Frame: 365
2 307 58 126 39
Frame: 366
2 296 56 128 36
Frame: 367
2 291 52 128 36
Frame: 368
2 283 49 124 36
Frame: 369
2 280 45 120 35
Frame: 370
2 271 43 120 35
Frame: 371
2 261 40 125 35
Frame: 372
2 259 37 119 34
Frame: 373
2 253 34 118 33
Frame: 374
2 249 30 114 33
Frame: 375
2 242 27 116 32
Frame: 376
2 235 25 114 31
Frame: 377
2 232 22 112 31
Frame: 378
2 226 20 112 30
Frame: 379
2 219 18 112 29
Frame: 380
2 216 13 110 31
Frame: 381
2 209 10 110 32
Frame: 382
2 206 10 106 29
Frame: 383
2 200 7 106 30
Frame: 384
2 196 5 107 30
Frame: 385
2 192 4 103 28
Frame: 386
2 186 3 105 26
Frame: 387
2 181 1 103 28
Frame: 388
2 177 0 101 26
Frame: 389
Frame: 390
Frame: 391
Frame: 392
Frame: 393
Frame: 394
Frame: 395
Frame: 396
Frame: 397
Frame: 398
Frame: 399
Frame: 400
Frame: 401
Frame: 402
Frame: 403
Frame: 404
Frame: 405
Frame: 406
Frame: 407
Frame: 408
Frame: 409
Frame: 410
Frame: 411
Frame: 412
Frame: 413
Frame: 414
Frame: 415
Frame: 416
Frame: 417
Frame: 418
1 265 34 60 31
Frame: 419
1 261 33 60 30
Frame: 420
1 252 29 63 32
Frame: 421
1 250 28 58 31
Frame: 422
1 246 26 60 30
Frame: 423
1 243 25 57 29
Frame: 424
1 235 22 58 30
Frame: 425
1 232 20 60 30
Frame: 426
1 228 18 58 30
Frame: 427
1 226 17 57 29
Frame: 428
1 222 17 55 27
Frame: 429
1 216 13 58 31
Frame: 430
1 214 13 55 28
Frame: 431
1 209 10 55 29
Frame: 432
1 207 10 52 27
Frame: 433
1 203 7 55 28
Frame: 434
1 199 7 53 28
Frame: 435
1 193 4 57 30
Frame: 436
1 195 3 51 28
Frame: 437
1 188 3 53 28
Frame: 438
1 186 3 51 26
Frame: 439
1 184 1 49 25
Frame: 440
1 180 0 50 23
Frame: 441
Frame: 442
Frame: 443
Frame: 444
Frame: 445
Frame: 446
Frame: 447
Frame: 448
Frame: 449
Frame: 450
Frame: 451
Frame: 452
Frame: 453
Frame: 454
Frame: 455
Frame: 456
Frame: 457
Frame: 458
Frame: 459
Frame: 460
2 181 85 104 30
Frame: 461
2 175 80 102 30
Frame: 462
1 173 81 48 23
2 169 77 100 27
Frame: 463
2 163 73 100 29
Frame: 464
2 158 70 99 29
Frame: 465
2 152 68 98 27
Frame: 466
2 148 64 95 29
Frame: 467
1 148 65 50 22
2 144 62 92 26
Frame: 468
2 137 59 94 26
Frame: 469
2 133 56 92 27
Frame: 470
2 127 52 95 27
Frame: 471
2 123 50 90 27
Frame: 472
2 116 48 91 25
Frame: 473
2 113 45 90 25
Frame: 474
2 111 42 87 25
Frame: 475
2 104 40 89 24
Frame: 476
2 100 37 89 25
Frame: 477
2 96 36 85 25
Frame: 478
2 92 34 86 25
Frame: 479
2 88 32 83 24
Frame: 480
2 86 30 79 23
Frame: 481
2 82 27 81 25
Frame: 482
2 78 26 83 23
Frame: 483
2 72 21 84 25
Frame: 484
2 68 20 81 24
Frame: 485
2 67 16 79 24
Frame: 486
2 63 13 79 23
Frame: 487
2 59 11 79 23
Frame: 488
2 57 8 73 22
Frame: 489
2 53 6 78 23
Frame: 490
2 51 3 77 24
Frame: 491
2 48 2 70 22
Frame: 492
2 45 1 73 21
Frame: 493
2 43 0 73 19
Frame: 494
Frame: 495
Frame: 496
Frame: 497
Frame: 498
Frame: 499
Frame: 500
Frame: 501
Frame: 502
Frame: 503
Frame: 504
Frame: 505
Frame: 506
Frame: 507
Frame: 508
Frame: 509
Frame: 510
Frame: 511
Frame: 512
Frame: 513
Frame: 514
Frame: 515
Frame: 516
Frame: 517
Frame: 518
Frame: 519
Frame: 520
Frame: 521
Frame: 522
Frame: 523
Frame: 524
Frame: 525
Frame: 526
Frame: 527
Frame: 528
Frame: 529
Frame: 530
Frame: 531
Frame: 532
Frame: 533
Frame: 534
Frame: 535
Frame: 536
Frame: 537
2 356 87 121 38
Frame: 538
2 340 82 128 36
Frame: 539
2 330 74 125 37
Frame: 540
2 315 69 131 35
Frame: 541
2 304 63 125 36
Frame: 542
2 292 57 125 36
Frame: 543
2 282 52 124 34
Frame: 544
2 274 48 119 33
Frame: 545
2 263 42 119 33
Frame: 546
2 254 39 117 30
Frame: 547
2 245 34 113 31
Frame: 548
2 234 28 113 32
Frame: 549
2 227 25 113 30
Frame: 550
2 220 21 109 29
Frame: 551
2 213 16 107 30
Frame: 552
2 204 11 106 30
Frame: 553
2 196 9 105 28
Frame: 554
2 189 4 103 29
Frame: 555
2 180 3 105 27
Frame: 556
2 172 0 100 25
Frame: 557
Frame: 558
Frame: 559
Frame: 560
Frame: 561
Frame: 562
Frame: 563
Frame: 564
Frame: 565
Frame: 566
Frame: 567
Frame: 568
Frame: 569
Frame: 570
Frame: 571
Frame: 572
Frame: 573
Frame: 574
Frame: 575
Frame: 576
Frame: 577
Frame: 578
Frame: 579
Frame: 580
Frame: 581
Frame: 582
Frame: 583
Frame: 584
Frame: 585
Frame: 586
Frame: 587
1 278 0 63 35
Frame: 588
1 271 0 65 34
Frame: 589
1 267 0 63 32
Frame: 590
1 260 0 62 29
Frame: 591
1 255 0 61 27
Frame: 592
Frame: 593
2 245 0 60 23
Frame: 594
2 242 0 60 22
Frame: 595
2 235 0 61 20
Frame: 596
Frame: 597
2 228 0 50 12
Frame: 598
2 224 0 46 11
Frame: 599
2 220 0 49 10
Frame: 600
Frame: 601
Frame: 602
Frame: 603
Frame: 604
Frame: 605
Frame: 606
Frame: 607
Frame: 608
Frame: 609
Frame: 610
Frame: 611
Frame: 612
Frame: 613
Frame: 614
Frame: 615
Frame: 616
Frame: 617
Frame: 618
Frame: 619
Frame: 620
Frame: 621
Frame: 622
Frame: 623
Frame: 624
Frame: 625
Frame: 626
Frame: 627
Frame: 628
Frame: 629
2 398 44 80 29
Frame: 630
2 389 41 89 29
Frame: 631
2 383 37 94 32
Frame: 632
2 374 35 102 31
Frame: 633
2 368 33 105 31
Frame: 634
2 361 30 106 31
Frame: 635
2 352 26 116 34
Frame: 636
2 347 25 111 31
Frame: 637
2 339 21 113 33
Frame: 638
2 331 20 112 31
Frame: 639
2 322 17 114 31
Frame: 640
2 318 13 109 32
Frame: 641
2 311 11 110 31
Frame: 642
2 304 9 111 32
Frame: 643
2 298 8 109 30
Frame: 644
2 293 5 108 31
Frame: 645
2 286 4 107 30
Frame: 646
2 280 3 111 28
Frame: 647
2 271 2 110 29
Frame: 648
2 268 0 101 26
Frame: 649
Frame: 650
Frame: 651
Frame: 652
Frame: 653
Frame: 654
Frame: 655
Frame: 656
Frame: 657
Frame: 658
Frame: 659
Frame: 660
Frame: 661
Frame: 662
Frame: 663
Frame: 664
Frame: 665
Frame: 666
Frame: 667
Frame: 668
Frame: 669
Frame: 670
Frame: 671
Frame: 672
Frame: 673
Frame: 674
Frame: 675
Frame: 676
Frame: 677
Frame: 678
Frame: 679
Frame: 680
Frame: 681
Frame: 682
Frame: 683
Frame: 684
Frame: 685
Frame: 686
Frame: 687
Frame: 688
Frame: 689
Frame: 690
Frame: 691
Frame: 692
Frame: 693
1 422 99 56 35
Frame: 694
1 411 91 64 36
Frame: 695
2 402 87 76 34
Frame: 696
2 390 81 86 33
Frame: 697
2 378 74 100 33
Frame: 698
2 367 68 111 33
Frame: 699
2 357 62 112 33
Frame: 700
2 343 57 121 33
Frame: 701
2 334 53 120 32
Frame: 702
2 322 49 119 32
Frame: 703
2 313 44 115 32
Frame: 704
2 305 39 116 32
Frame: 705
2 294 36 116 32
Frame: 706
2 285 33 114 30
Frame: 707
2 276 28 113 31
Frame: 708
2 269 26 108 28
Frame: 709
2 260 22 109 29
Frame: 710
2 251 18 108 29
Frame: 711
2 245 14 104 29
Frame: 712
2 237 11 105 28
Frame: 713
2 229 8 103 27
Frame: 714
2 224 5 101 27
Frame: 715
2 215 3 102 27
Frame: 716
2 210 0 100 25
Frame: 717
Frame: 718
Frame: 719
Frame: 720
Frame: 721
2 185 0 52 10
Frame: 722
Frame: 723
Frame: 724
Frame: 725
Frame: 726
Frame: 727
Frame: 728
Frame: 729
Frame: 730
Frame: 731
Frame: 732
Frame: 733
Frame: 734
Frame: 735
Frame: 736
Frame: 737
Frame: 738
Frame: 739
Frame: 740
Frame: 741
Frame: 742
Frame: 743
Frame: 744
Frame: 745
Frame: 746
Frame: 747
Frame: 748
Frame: 749
Frame: 750
Frame: 751
Frame: 752
Frame: 753
Frame: 754
Frame: 755
Frame: 756
Frame: 757
1 432 68 46 39
Frame: 758
1 425 63 53 40
Frame: 759
1 418 57 60 39
Frame: 760
1 405 52 72 42
Frame: 761
1 397 48 74 41
Frame: 762
1 385 46 75 40
Frame: 763
1 378 41 72 40
Frame: 764
1 369 38 72 39
Frame: 765
1 358 34 72 39
Frame: 766
1 351 31 69 39
Frame: 767
1 341 27 68 38
Frame: 768
1 336 24 66 37
Frame: 769
1 327 21 67 36
Frame: 770
1 318 17 65 36
Frame: 771
1 309 15 66 36
Frame: 772
1 301 11 66 37
Frame: 773
1 295 8 63 35
Frame: 774
1 289 6 61 34
Frame: 775
1 278 2 65 37
Frame: 776
1 271 1 63 34
Frame: 777
1 265 0 62 32
Frame: 778
1 260 0 60 30
Frame: 779
1 253 0 59 27
Frame: 780
1 247 0 54 27
Frame: 781
2 241 0 54 22
Frame: 782
Frame: 783
Frame: 784
Frame: 785
Frame: 786
Frame: 787
Frame: 788
Frame: 789
Frame: 790
Frame: 791
Frame: 792
Frame: 793
Frame: 794
Frame: 795
Frame: 796
Frame: 797
Frame: 798
Frame: 799
Frame: 800
Frame: 801
Frame: 802
Frame: 803
Frame: 804
Frame: 805
Frame: 806
Frame: 807
Frame: 808
Frame: 809
Frame: 810
Frame: 811
Frame: 812
Frame: 813
Frame: 814
Frame: 815
Frame: 816
Frame: 817
Frame: 818
Frame: 819
Frame: 820
Frame: 821
Frame: 822
Frame: 823
Frame: 824
Frame: 825
Frame: 826
Frame: 827
Frame: 828
Frame: 829
Frame: 830
Frame: 831
Frame: 832
Frame: 833
Frame: 834
Frame: 835
Frame: 836
Frame: 837
Frame: 838
Frame: 839
Frame: 840
Frame: 841
Frame: 842
Frame: 843
Frame: 844
1 419 82 59 37
Frame: 845
1 410 77 68 37
Frame: 846
1 405 74 71 36
Frame: 847
2 400 71 77 36
Frame: 848
2 391 67 87 37
Frame: 849
2 384 64 93 38
Frame: 850
2 379 59 98 38
Frame: 851
2 375 57 100 38
Frame: 852
2 368 54 109 37
Frame: 853
2 364 51 109 38
Frame: 854
2 357 50 107 35
Frame: 855
2 350 47 107 38
Frame: 856
2 343 42 111 38
Frame: 857
2 341 40 106 37
Frame: 858
2 334 38 106 37
Frame: 859
2 330 36 103 37
Frame: 860
2 322 34 106 36
Frame: 861
2 315 32 108 36
Frame: 862
2 311 28 106 37
Frame: 863
2 307 26 104 37
Frame: 864
2 303 23 102 36
Frame: 865
2 300 23 100 34
Frame: 866
2 295 21 98 34
Frame: 867
2 288 20 101 34
Frame: 868
2 283 17 102 36
Frame: 869
2 280 16 99 34
Frame: 870
2 277 15 98 32
Frame: 871
2 272 13 98 33
Frame: 872
2 269 11 96 33
Frame: 873
2 266 10 94 32
Frame: 874
2 259 9 98 31
Frame: 875
2 256 7 95 32
Frame: 876
2 253 6 94 32
Frame: 877
2 249 5 93 32
Frame: 878
2 245 4 93 31
Frame: 879
2 240 3 95 30
Frame: 880
2 239 2 91 28
Frame: 881
2 234 2 90 28
Frame: 882
2 232 0 90 28
Frame: 883
Frame: 884
Frame: 885
Frame: 886
Frame: 887
Frame: 888
Frame: 889
Frame: 890
Frame: 891
Frame: 892
Frame: 893
Frame: 894
Frame: 895
Frame: 896
Frame: 897
Frame: 898
Frame: 899
Frame: 900
1 429 226 49 36
Frame: 901
1 420 214 58 44
Frame: 902
1 408 208 70 44
Frame: 903
1 398 202 80 47
Frame: 904
1 389 194 82 45
Frame: 905
1 380 189 82 45
Frame: 906
1 370 181 81 45
Frame: 907
1 357 176 82 45
Frame: 908
1 350 171 80 44
Frame: 909
1 340 164 79 44
Frame: 910
1 332 159 79 44
Frame: 911
1 322 155 79 43
Frame: 912
1 313 150 77 41
Frame: 913
1 305 145 77 41
Frame: 914
1 297 139 76 42
Frame: 915
1 289 135 74 40
Frame: 916
1 281 130 74 40
Frame: 917
1 274 125 72 40
Frame: 918
1 268 120 70 40
Frame: 919
1 261 116 71 39
Frame: 920
1 252 112 70 38
Frame: 921
1 245 107 69 38
Frame: 922
1 241 104 67 37
Frame: 923
1 233 98 68 38
Frame: 924
1 227 95 67 36
Frame: 925
1 219 91 68 37
Frame: 926
1 214 88 66 36
Frame: 927
1 210 86 63 35
Frame: 928
1 203 83 64 34
Frame: 929
1 197 80 62 35
Frame: 930
1 192 77 62 35
Frame: 931
1 187 75 62 34
Frame: 932
1 182 72 61 33
Frame: 933
1 176 69 61 34
Frame: 934
1 172 66 61 33
Frame: 935
1 168 64 58 32
Frame: 936
1 163 61 58 32
Frame: 937
1 158 57 59 33
Frame: 938
1 154 56 58 32
Frame: 939
1 150 54 56 30
Frame: 940
1 143 51 59 31
Frame: 941
1 141 49 56 31
Frame: 942
1 137 47 55 30
Frame: 943
1 133 45 56 31
Frame: 944
1 128 43 56 31
Frame: 945
1 126 41 53 29
Frame: 946
1 121 38 54 30
Frame: 947
1 118 36 54 29
Frame: 948
1 115 33 52 30
Frame: 949
1 111 30 53 29
Frame: 950
1 107 27 52 29
Frame: 951
1 104 23 53 29
Frame: 952
1 322 85 80 44
Frame: 953
1 313 80 79 44
Frame: 954
1 307 77 77 43
Frame: 955
1 297 73 76 43
Frame: 956
1 291 70 76 43
Frame: 957
1 284 66 74 41
Frame: 958
1 276 63 73 41
Frame: 959
1 268 58 73 41
Frame: 960
1 263 57 71 38
Frame: 961
1 256 51 70 40
Frame: 962
1 249 48 70 40
Frame: 963
1 243 46 68 37
Frame: 964
1 235 43 68 37
Frame: 965
1 230 39 67 38
Frame: 966
1 224 35 65 37
Frame: 967
1 216 31 68 40
Frame: 968
1 210 29 67 36
Frame: 969
1 205 25 66 38
Frame: 970
1 200 23 64 36
Frame: 971
1 193 20 63 36
Frame: 972
1 186 18 66 37
Frame: 973
1 183 16 62 35
Frame: 974
1 178 13 62 36
Frame: 975
1 171 10 63 37
Frame: 976
1 168 9 61 34
Frame: 977
1 164 7 58 33
Frame: 978
1 158 5 59 34
Frame: 979
1 152 2 60 34
Frame: 980
1 148 2 57 32
Frame: 981
1 144 0 56 31
Frame: 982
1 140 0 56 30
Frame: 983
1 136 0 56 27
Frame: 984
Frame: 985
Frame: 986
Frame: 987
Frame: 988
Frame: 989
Frame: 990
Frame: 991
Frame: 992
Frame: 993
Frame: 994
Frame: 995
Frame: 996
Frame: 997
Frame: 998
Frame: 999
Frame: 1000
Frame: 1001
Frame: 1002
Frame: 1003
Frame: 1004
Frame: 1005
Frame: 1006
Frame: 1007
Frame: 1008
Frame: 1009
Frame: 1010
Frame: 1011
Frame: 1012
Frame: 1013
Frame: 1014
Frame: 1015
Frame: 1016
Frame: 1017
Frame: 1018
Frame: 1019
Frame: 1020
Frame: 1021
Frame: 1022
Frame: 1023
Frame: 1024
Frame: 1025
Frame: 1026
Frame: 1027
Frame: 1028
1 424 98 54 39
Frame: 1029
1 415 89 63 41
Frame: 1030
1 405 81 72 46
Frame: 1031
1 398 78 77 44
Frame: 1032
1 388 72 79 44
Frame: 1033
1 379 69 78 43
Frame: 1034
1 368 66 82 42
Frame: 1035
1 361 63 77 41
Frame: 1036
1 352 58 79 43
Frame: 1037
1 352 55 70 41
Frame: 1038
1 337 52 77 39
Frame: 1039
1 328 49 78 39
Frame: 1040
1 324 47 75 38
Frame: 1041
1 317 44 74 38
Frame: 1042
1 309 40 74 39
Frame: 1043
1 305 39 71 36
Frame: 1044
1 294 35 74 37
Frame: 1045
1 293 32 67 38
Frame: 1046
1 285 30 69 36
Frame: 1047
1 278 25 68 38
Frame: 1048
1 273 24 70 36
Frame: 1049
1 267 23 69 35
Frame: 1050
1 263 19 68 35
Frame: 1051
1 258 16 68 36
Frame: 1052
1 252 14 65 36
Frame: 1053
1 248 12 64 35
Frame: 1054
1 244 10 65 35
Frame: 1055
1 238 8 64 33
Frame: 1056
1 234 5 64 34
Frame: 1057
1 228 2 65 36
Frame: 1058
1 224 2 62 33
Frame: 1059
1 222 1 61 32
Frame: 1060
1 216 0 66 32
Frame: 1061
Frame: 1062
1 208 0 64 29
Frame: 1063
Frame: 1064
Frame: 1065
Frame: 1066
Frame: 1067
Frame: 1068
Frame: 1069
Frame: 1070
Frame: 1071
Frame: 1072
Frame: 1073
Frame: 1074
Frame: 1075
Frame: 1076
Frame: 1077
Frame: 1078
Frame: 1079
Frame: 1080
Frame: 1081
Frame: 1082
Frame: 1083
Frame: 1084
Frame: 1085
Frame: 1086
Frame: 1087
Frame: 1088
Frame: 1089
Frame: 1090
Frame: 1091
Frame: 1092
Frame: 1093
Frame: 1094
2 418 125 36 12
Frame: 1095
Frame: 1096
Frame: 1097
Frame: 1098
Frame: 1099
Frame: 1100
Frame: 1101
1 431 76 47 36
Frame: 1102
1 424 72 54 37
Frame: 1103
1 417 66 61 40
Frame: 1104
1 411 65 65 36
Frame: 1105
1 403 61 69 37
Frame: 1106
1 395 57 69 38
Frame: 1107
1 387 54 71 37
Frame: 1108
1 379 51 72 38
2 321 74 31 10
Frame: 1109
1 378 48 64 36
Frame: 1110
1 369 45 65 35
Frame: 1111
1 364 41 63 36
Frame: 1112
1 355 38 64 36
Frame: 1113
1 345 35 66 36
Frame: 1114
1 339 33 63 34
Frame: 1115
1 333 29 64 35
Frame: 1116
1 326 26 65 35
Frame: 1117
1 321 25 61 33
Frame: 1118
1 319 22 57 33
Frame: 1119
1 310 21 58 31
Frame: 1120
1 303 17 60 32
Frame: 1121
1 297 16 61 32
Frame: 1122
1 293 14 57 31
Frame: 1123
1 286 11 58 30
Frame: 1124
1 279 9 58 30
Frame: 1125
1 276 7 55 30
Frame: 1126
1 272 4 54 30
Frame: 1127
1 266 3 54 29
Frame: 1128
1 270 1 40 24
Frame: 1129
1 259 0 49 25
Frame: 1130
Frame: 1131
Frame: 1132
Frame: 1133
Frame: 1134
Frame: 1135
Frame: 1136
Frame: 1137
Frame: 1138
Frame: 1139
Frame: 1140
Frame: 1141
Frame: 1142
Frame: 1143
Frame: 1144
Frame: 1145
Frame: 1146
Frame: 1147
Frame: 1148
Frame: 1149
Frame: 1150
Frame: 1151
Frame: 1152
Frame: 1153
Frame: 1154
Frame: 1155
Frame: 1156
Frame: 1157
Frame: 1158
Frame: 1159
1 277 40 66 36
Frame: 1160
1 271 37 64 34
2 206 123 58 17
Frame: 1161
1 264 35 64 33
Frame: 1162
1 256 30 67 35
Frame: 1163
1 250 27 64 35
Frame: 1164
1 245 25 61 33
Frame: 1165
1 239 22 62 34
Frame: 1166
1 231 19 63 34
Frame: 1167
1 226 16 61 34
Frame: 1168
1 221 14 61 34
Frame: 1169
1 216 13 61 33
Frame: 1170
1 212 11 61 32
Frame: 1171
1 206 9 60 31
Frame: 1172
1 201 6 61 34
Frame: 1173
1 197 6 58 31
Frame: 1174
1 192 4 59 31
Frame: 1175
1 190 2 57 32
Frame: 1176
1 184 1 58 31
Frame: 1177
1 182 0 55 30
Frame: 1178
Frame: 1179
1 173 0 60 26
Frame: 1180
Frame: 1181
1 167 0 52 23
Frame: 1182
Frame: 1183
Frame: 1184
Frame: 1185
Frame: 1186
Frame: 1187
Frame: 1188
Frame: 1189
Frame: 1190
Frame: 1191
Frame: 1192
Frame: 1193
Frame: 1194
Frame: 1195
Frame: 1196
1 402 206 76 49
Frame: 1197
1 393 199 83 53
Frame: 1198
1 385 194 86 49
Frame: 1199
1 377 190 83 49
Frame: 1200
1 365 184 86 51
Frame: 1201
1 355 178 84 49
Frame: 1202
1 349 174 81 47
Frame: 1203
1 338 166 82 48
Frame: 1204
1 329 162 84 47
Frame: 1205
1 322 158 81 47
Frame: 1206
1 314 153 79 48
Frame: 1207
1 306 147 78 46
Frame: 1208
1 296 143 78 45
Frame: 1209
1 288 138 77 45
Frame: 1210
1 280 133 75 44
Frame: 1211
1 271 128 76 44
Frame: 1212
1 262 124 75 44
Frame: 1213
1 256 118 73 44
Frame: 1214
1 246 114 74 42
Frame: 1215
1 239 110 71 41
Frame: 1216
1 232 104 70 42
Frame: 1217
1 225 100 71 40
Frame: 1218
1 216 96 69 39
Frame: 1219
1 210 91 68 40
Frame: 1220
1 200 87 69 39
Frame: 1221
1 196 83 66 38
Frame: 1222
1 186 79 67 39
Frame: 1223
1 180 75 67 39
Frame: 1224
1 172 71 65 39
Frame: 1225
1 167 69 65 37
Frame: 1226
1 159 65 64 38
Frame: 1227
1 153 62 62 36
Frame: 1228
1 147 59 61 36
Frame: 1229
1 142 56 61 35
Frame: 1230
1 135 54 58 34
Frame: 1231
1 127 49 60 36
Frame: 1232
1 123 48 57 33
Frame: 1233
1 116 44 58 34
Frame: 1234
1 111 41 58 34
Frame: 1235
1 106 39 56 34
Frame: 1236
1 100 37 57 33
Frame: 1237
1 95 34 57 33
Frame: 1238
1 90 32 54 31
Frame: 1239
1 85 29 54 31
Frame: 1240
1 80 26 54 31
Frame: 1241
1 75 22 53 31
Frame: 1242
1 70 18 52 30
Frame: 1243
1 64 14 54 31
Frame: 1244
1 60 10 52 30
Frame: 1245
1 56 7 50 30
Frame: 1246
1 53 3 49 29
Frame: 1247
1 48 1 48 28
Frame: 1248
1 43 0 50 26
Frame: 1249
1 41 0 47 22
Frame: 1250
1 40 0 42 16
Frame: 1251
Frame: 1252
2 31 0 41 10
Frame: 1253
Frame: 1254
Frame: 1255
Frame: 1256
Frame: 1257
1 358 81 69 38
Frame: 1258
1 351 77 67 38
Frame: 1259
1 341 73 68 39
Frame: 1260
1 335 72 66 36
Frame: 1261
1 327 69 67 36
Frame: 1262
1 318 65 67 37
Frame: 1263
1 311 64 66 35
Frame: 1264
1 304 60 66 37
Frame: 1265
1 296 57 63 36
Frame: 1266
1 291 57 62 33
Frame: 1267
1 283 52 65 36
Frame: 1268
1 277 51 65 34
Frame: 1269
1 270 48 63 35
Frame: 1270
1 264 47 62 35
Frame: 1271
1 259 44 62 35
Frame: 1272
1 251 42 64 34
Frame: 1273
1 245 40 63 35
Frame: 1274
1 240 39 61 34
Frame: 1275
1 235 36 60 34
Frame: 1276
1 228 35 62 33
Frame: 1277
1 223 33 62 34
Frame: 1278
1 219 33 58 32
Frame: 1279
1 214 30 58 32
Frame: 1280
1 208 28 59 32
Frame: 1281
1 204 26 60 33
Frame: 1282
1 199 25 58 32
Frame: 1283
1 196 24 57 31
Frame: 1284
1 191 21 57 31
Frame: 1285
1 186 20 57 31
Frame: 1286
1 182 18 57 31
Frame: 1287
1 178 17 54 31
Frame: 1288
1 173 16 55 30
Frame: 1289
1 168 13 57 31
Frame: 1290
1 165 12 55 30
Frame: 1291
1 160 11 56 30
Frame: 1292
1 157 10 53 29
Frame: 1293
1 153 9 53 28
Frame: 1294
1 149 7 53 29
Frame: 1295
1 144 6 55 30
Frame: 1296
1 140 6 56 29
Frame: 1297
1 136 4 55 30
Frame: 1298
1 135 3 51 29
Frame: 1299
1 131 2 53 28
Frame: 1300
1 128 1 51 27
Frame: 1301
1 124 0 52 25
Frame: 1302
1 122 0 52 23
Frame: 1303
1 128 0 40 15
Frame: 1304
Frame: 1305
Frame: 1306
Frame: 1307
Frame: 1308
Frame: 1309
Frame: 1310
Frame: 1311
Frame: 1312
Frame: 1313
Frame: 1314
Frame: 1315
Frame: 1316
Frame: 1317
Frame: 1318
Frame: 1319
Frame: 1320
1 175 15 59 34
Frame: 1321
1 168 14 60 32
Frame: 1322
1 163 11 59 33
Frame: 1323
1 160 8 55 33
Frame: 1324
1 152 6 58 33
Frame: 1325
1 148 4 57 31
Frame: 1326
1 144 2 55 31
Frame: 1327
1 138 1 53 29
Frame: 1328
1 134 0 55 28
Frame: 1329
1 129 0 55 25
Frame: 1330
1 126 0 50 23
Frame: 1331
2 121 0 53 20
Frame: 1332
1 119 0 45 15
2 117 0 50 19
Frame: 1333
Frame: 1334
Frame: 1335
Frame: 1336
Frame: 1337
Frame: 1338
Frame: 1339
Frame: 1340
Frame: 1341
Frame: 1342
Frame: 1343
Frame: 1344
Frame: 1345
Frame: 1346
Frame: 1347
Frame: 1348
Frame: 1349
Frame: 1350
Frame: 1351
Frame: 1352
Frame: 1353
Frame: 1354
Frame: 1355
Frame: 1356
Frame: 1357
Frame: 1358
Frame: 1359
Frame: 1360
Frame: 1361
Frame: 1362
Frame: 1363
Frame: 1364
Frame: 1365
Frame: 1366
Frame: 1367
Frame: 1368
Frame: 1369
Frame: 1370
Frame: 1371
Frame: 1372
Frame: 1373
Frame: 1374
Frame: 1375
Frame: 1376
Frame: 1377
Frame: 1378
Frame: 1379
Frame: 1380
Frame: 1381
Frame: 1382
Frame: 1383
Frame: 1384
Frame: 1385
Frame: 1386
Frame: 1387
Frame: 1388
Frame: 1389
Frame: 1390
Frame: 1391
Frame: 1392
Frame: 1393
1 418 166 60 48
Frame: 1394
1 406 160 72 54
Frame: 1395
1 398 152 80 55
Frame: 1396
1 385 145 93 61
Frame: 1397
1 377 140 95 55
Frame: 1398
1 365 135 95 56
Frame: 1399
1 358 130 94 54
Frame: 1400
1 345 124 94 55
Frame: 1401
1 337 119 93 54
Frame: 1402
1 328 115 92 53
Frame: 1403
1 318 109 91 53
Frame: 1404
1 313 104 87 51
Frame: 1405
1 301 99 88 52
Frame: 1406
1 295 95 85 47
Frame: 1407
1 286 89 86 50
Frame: 1408
1 276 86 87 49
Frame: 1409
1 270 81 84 48
Frame: 1410
1 263 77 83 46
Frame: 1411
1 255 73 83 47
Frame: 1412
1 250 70 80 43
Frame: 1413
1 244 65 78 45
Frame: 1414
1 238 62 76 43
Frame: 1415
1 230 58 78 44
Frame: 1416
1 226 56 75 41
Frame: 1417
1 219 52 73 42
Frame: 1418
1 212 49 75 42
Frame: 1419
1 207 47 73 40
Frame: 1420
1 200 43 75 42
Frame: 1421
1 196 40 72 41
Frame: 1422
1 191 37 69 40
Frame: 1423
1 183 34 73 40
Frame: 1424
1 180 31 69 39
Frame: 1425
1 177 28 67 37
Frame: 1426
1 170 25 67 38
Frame: 1427
1 166 23 67 36
Frame: 1428
1 160 16 69 39
Frame: 1429
1 155 15 66 37
Frame: 1430
1 152 12 66 36
Frame: 1431
1 147 9 65 36
Frame: 1432
1 144 7 62 33
Frame: 1433
1 139 4 65 36
Frame: 1434
1 135 2 64 34
Frame: 1435
1 131 1 63 33
Frame: 1436
1 128 0 62 31
Frame: 1437
1 123 0 63 29
Frame: 1438
Frame: 1439
Frame: 1440
Frame: 1441
Frame: 1442
Frame: 1443
Frame: 1444
Frame: 1445
1 298 23 75 41
Frame: 1446
1 296 22 72 40
Frame: 1447
1 290 20 75 38
Frame: 1448
1 288 17 72 38
Frame: 1449
1 281 16 74 39
Frame: 1450
1 279 15 72 38
Frame: 1451
1 274 13 75 38
Frame: 1452
1 271 11 72 36
Frame: 1453
1 269 9 71 38
Frame: 1454
1 265 8 69 38
Frame: 1455
1 261 7 71 38
Frame: 1456
1 260 5 69 37
Frame: 1457
1 257 3 69 37
Frame: 1458
1 250 2 69 38
Frame: 1459
1 247 1 68 36
Frame: 1460
1 243 0 68 37
Frame: 1461
1 240 0 68 34
Frame: 1462
1 235 0 71 33
Frame: 1463
1 233 0 69 31
Frame: 1464
1 227 0 70 30
Frame: 1465
1 226 0 67 29
Frame: 1466
1 220 0 68 28
Frame: 1467
Frame: 1468
Frame: 1469
Frame: 1470
Frame: 1471
Frame: 1472
Frame: 1473
Frame: 1474
Frame: 1475
Frame: 1476
Frame: 1477
Frame: 1478
Frame: 1479
Frame: 1480
Frame: 1481
Frame: 1482
Frame: 1483
1 115 41 50 27
Frame: 1484
1 111 39 48 26
Frame: 1485
1 107 37 51 26
Frame: 1486
1 104 33 48 27
Frame: 1487
1 99 32 50 26
Frame: 1488
1 96 29 49 26
Frame: 1489
1 93 25 48 27
Frame: 1490
1 90 23 46 25
Frame: 1491
1 86 19 47 25
Frame: 1492
1 82 16 46 25
Frame: 1493
1 79 13 46 24
Frame: 1494
1 75 9 46 25
Frame: 1495
1 71 6 46 25
Frame: 1496
1 69 4 43 23
Frame: 1497
1 63 1 45 24
Frame: 1498
1 64 1 40 21
Frame: 1499
1 61 0 40 19
Frame: 1500
1 57 0 39 13
Frame: 1501
Frame: 1502
Frame: 1503
Frame: 1504
Frame: 1505
Frame: 1506
Frame: 1507
Frame: 1508
Frame: 1509
Frame: 1510
Frame: 1511
Frame: 1512
Frame: 1513
Frame: 1514
Frame: 1515
Frame: 1516
1 426 119 52 34
Frame: 1517
Frame: 1518
1 405 104 72 35
2 407 105 68 34
Frame: 1519
2 394 98 81 33
Frame: 1520
2 384 93 88 32
Frame: 1521
2 372 88 102 31
Frame: 1522
2 364 83 104 30
Frame: 1523
2 355 75 115 33
Frame: 1524
2 344 71 117 30
Frame: 1525
2 333 66 120 32
Frame: 1526
2 324 61 117 31
Frame: 1527
2 317 58 113 29
Frame: 1528
2 308 53 112 30
Frame: 1529
2 298 49 112 30
Frame: 1530
2 289 45 112 30
Frame: 1531
2 284 43 108 27
Frame: 1532
2 274 38 110 28
Frame: 1533
2 269 34 106 27
Frame: 1534
2 259 30 103 27
Frame: 1535
2 253 27 104 26
Frame: 1536
2 246 23 101 27
Frame: 1537
2 239 19 102 26
Frame: 1538
2 233 16 100 26
Frame: 1539
2 226 13 99 26
Frame: 1540
2 221 11 96 24
Frame: 1541
2 214 7 94 24
Frame: 1542
2 209 4 99 24
Frame: 1543
2 201 0 96 27
Frame: 1544
2 195 0 97 23
Frame: 1545
Frame: 1546
Frame: 1547
Frame: 1548
Frame: 1549
Frame: 1550
Frame: 1551
Frame: 1552
Frame: 1553
Frame: 1554
Frame: 1555
Frame: 1556
Frame: 1557
Frame: 1558
Frame: 1559
Frame: 1560
Frame: 1561
Frame: 1562
Frame: 1563
Frame: 1564
Frame: 1565
Frame: 1566
Frame: 1567
Frame: 1568
Frame: 1569
Frame: 1570
Frame: 1571
Frame: 1572
1 422 89 56 43
Frame: 1573
1 405 78 73 49
Frame: 1574
1 391 72 84 48
Frame: 1575
1 376 66 84 45
Frame: 1576
1 362 59 83 46
Frame: 1577
1 347 52 81 44
Frame: 1578
1 334 46 80 44
Frame: 1579
1 321 40 80 43
Frame: 1580
1 309 35 77 41
Frame: 1581
1 297 29 76 42
Frame: 1582
1 287 25 73 39
Frame: 1583
1 275 21 74 39
Frame: 1584
1 263 16 72 38
Frame: 1585
1 253 12 72 37
Frame: 1586
1 243 8 71 37
Frame: 1587
1 234 4 69 36
Frame: 1588
1 226 1 67 37
Frame: 1589
1 217 0 67 34
Frame: 1590
1 208 0 66 30
Frame: 1591
Frame: 1592
1 203 0 48 16
Frame: 1593
Frame: 1594
Frame: 1595
Frame: 1596
Frame: 1597
Frame: 1598
Frame: 1599
Frame: 1600
Frame: 1601
Frame: 1602
Frame: 1603
Frame: 1604
Frame: 1605
Frame: 1606
Frame: 1607
Frame: 1608
Frame: 1609
Frame: 1610
Frame: 1611
Frame: 1612
Frame: 1613
Frame: 1614
Frame: 1615
Frame: 1616
Frame: 1617
Frame: 1618
Frame: 1619
Frame: 1620
Frame: 1621
Frame: 1622
Frame: 1623
Frame: 1624
Frame: 1625
Frame: 1626
Frame: 1627
Frame: 1628
Frame: 1629
Frame: 1630
Frame: 1631
Frame: 1632
Frame: 1633
Frame: 1634
Frame: 1635
Frame: 1636
Frame: 1637
Frame: 1638
Frame: 1639
Frame: 1640
Frame: 1641
Frame: 1642
Frame: 1643
Frame: 1644
Frame: 1645
Frame: 1646
Frame: 1647
Frame: 1648
Frame: 1649
Frame: 1650
Frame: 1651
Frame: 1652
Frame: 1653
Frame: 1654
Frame: 1655
Frame: 1656
Frame: 1657
Frame: 1658
Frame: 1659
Frame: 1660
Frame: 1661
Frame: 1662
Frame: 1663
Frame: 1664
Frame: 1665
Frame: 1666
Frame: 1667
1 422 167 56 40
Frame: 1668
1 414 163 64 41
Frame: 1669
1 411 159 67 42
Frame: 1670
1 403 157 75 41
Frame: 1671
1 398 152 78 44
Frame: 1672
2 392 148 84 43
Frame: 1673
2 384 146 92 43
Frame: 1674
2 380 144 96 42
Frame: 1675
2 374 141 102 43
Frame: 1676
2 370 136 107 44
Frame: 1677
2 366 133 111 45
Frame: 1678
2 363 131 114 43
Frame: 1679
2 341 26 118 33
Frame: 1680
2 333 23 121 33
Frame: 1681
2 328 21 120 33
Frame: 1682
2 323 19 116 33
Frame: 1683
2 316 18 119 31
Frame: 1684
2 311 16 116 31
Frame: 1685
2 307 11 113 33
Frame: 1686
2 302 10 112 30
Frame: 1687
2 295 8 113 31
Frame: 1688
2 289 6 114 30
Frame: 1689
2 284 4 114 31
Frame: 1690
2 279 4 114 28
Frame: 1691
2 277 3 109 26
Frame: 1692
2 277 0 101 29
Frame: 1693
2 267 0 99 26
Frame: 1694
Frame: 1695
Frame: 1696
Frame: 1697
Frame: 1698
Frame: 1699
Frame: 1700
Frame: 1701
Frame: 1702
Frame: 1703
Frame: 1704
Frame: 1705
Frame: 1706
Frame: 1707
Frame: 1708
Frame: 1709
Frame: 1710
Frame: 1711
Frame: 1712
Frame: 1713
Frame: 1714
Frame: 1715
Frame: 1716
Frame: 1717
Frame: 1718
Frame: 1719
Frame: 1720
Frame: 1721
Frame: 1722
Frame: 1723
Frame: 1724
Frame: 1725
Frame: 1726
Frame: 1727
Frame: 1728
Frame: 1729
Frame: 1730
Frame: 1731
Frame: 1732
Frame: 1733
Frame: 1734
Frame: 1735
Frame: 1736
Frame: 1737
Frame: 1738
1 271 16 71 38
Frame: 1739
1 260 12 71 36
Frame: 1740
1 250 7 71 39
Frame: 1741
1 244 4 68 35
Frame: 1742
1 234 1 68 37
Frame: 1743
1 225 0 68 34
Frame: 1744
1 217 0 68 30
Frame: 1745
1 212 0 56 27
Frame: 1746
Frame: 1747
Frame: 1748
Frame: 1749
Frame: 1750
Frame: 1751
Frame: 1752
Frame: 1753
Frame: 1754
Frame: 1755
Frame: 1756
Frame: 1757
Frame: 1758
Frame: 1759
Frame: 1760
Frame: 1761
Frame: 1762
Frame: 1763
Frame: 1764
Frame: 1765
Frame: 1766
Frame: 1767
Frame: 1768
Frame: 1769
Frame: 1770
Frame: 1771
Frame: 1772
Frame: 1773
Frame: 1774
Frame: 1775
Frame: 1776
Frame: 1777
Frame: 1778
Frame: 1779
Frame: 1780
Frame: 1781
Frame: 1782
Frame: 1783
Frame: 1784
Frame: 1785
Frame: 1786
Frame: 1787
Frame: 1788
Frame: 1789
Frame: 1790
Frame: 1791
Frame: 1792
Frame: 1793
Frame: 1794
Frame: 1795
Frame: 1796
Frame: 1797
Frame: 1798
Frame: 1799
Frame: 1800
Frame: 1801
Frame: 1802
Frame: 1803
Frame: 1804
Frame: 1805
Frame: 1806
Frame: 1807
Frame: 1808
Frame: 1809
Frame: 1810
Frame: 1811
Frame: 1812
Frame: 1813
Frame: 1814
Frame: 1815
Frame: 1816
Frame: 1817
Frame: 1818
Frame: 1819
1 424 210 54 41
Frame: 1820
1 415 204 63 45
Frame: 1821
1 407 194 71 48
Frame: 1822
1 399 190 78 47
Frame: 1823
1 394 186 80 47
Frame: 1824
1 383 179 81 46
Frame: 1825
1 377 175 79 46
Frame: 1826
1 368 171 80 46
Frame: 1827
1 358 165 79 43
Frame: 1828
1 351 161 80 44
Frame: 1829
1 343 159 79 44
Frame: 1830
1 337 154 80 44
Frame: 1831
1 328 150 78 43
Frame: 1832
1 323 146 76 42
Frame: 1833
1 317 143 74 41
Frame: 1834
1 310 139 74 43
Frame: 1835
1 305 136 73 40
Frame: 1836
1 298 133 70 40
Frame: 1837
1 291 128 71 40
Frame: 1838
1 286 126 71 39
Frame: 1839
1 279 122 70 40
Frame: 1840
1 273 118 70 41
Frame: 1841
1 267 115 68 39
Frame: 1842
1 262 112 68 39
Frame: 1843
1 258 109 68 38
Frame: 1844
1 249 105 70 40
Frame: 1845
1 245 104 66 37
Frame: 1846
1 242 99 67 37
Frame: 1847
1 234 95 68 40
Frame: 1848
1 229 93 65 38
Frame: 1849
1 224 91 65 37
Frame: 1850
1 219 87 65 38
Frame: 1851
1 215 84 65 38
Frame: 1852
1 209 81 66 38
Frame: 1853
1 205 80 64 36
Frame: 1854
1 199 77 65 37
Frame: 1855
1 196 74 62 37
Frame: 1856
1 191 72 62 37
Frame: 1857
1 188 71 61 34
Frame: 1858
1 183 69 62 35
Frame: 1859
1 178 66 62 36
Frame: 1860
1 175 65 60 34
Frame: 1861
1 172 63 58 33
Frame: 1862
1 168 61 59 34
Frame: 1863
1 162 59 60 34
Frame: 1864
1 159 57 58 34
Frame: 1865
1 154 55 59 33
Frame: 1866
1 151 53 59 34
Frame: 1867
1 148 51 57 33
Frame: 1868
1 144 49 57 33
Frame: 1869
2 264 163 120 38
Frame: 1870
2 256 156 116 37
Frame: 1871
2 244 150 121 38
Frame: 1872
2 237 147 116 36
Frame: 1873
2 228 140 115 37
Frame: 1874
2 219 135 116 35
Frame: 1875
2 213 130 111 36
Frame: 1876
2 206 126 109 34
Frame: 1877
2 195 120 112 34
Frame: 1878
2 190 117 108 33
Frame: 1879
2 180 111 109 33
Frame: 1880
2 174 107 105 31
Frame: 1881
2 170 103 101 30
Frame: 1882
2 162 99 99 31
Frame: 1883
2 151 92 104 32
Frame: 1884
2 147 90 99 29
Frame: 1885
2 141 84 98 32
Frame: 1886
2 134 82 98 30
Frame: 1887
2 126 77 99 30
Frame: 1888
2 123 74 95 29
Frame: 1889
2 116 71 93 28
Frame: 1890
2 110 67 92 29
Frame: 1891
2 103 64 94 28
Frame: 1892
2 98 60 92 27
Frame: 1893
2 94 58 90 26
Frame: 1894
2 88 54 90 26
Frame: 1895
2 83 51 86 25
Frame: 1896
2 78 50 86 26
Frame: 1897
2 72 46 85 24
Frame: 1898
2 68 44 84 24
Frame: 1899
2 64 41 84 25
Frame: 1900
2 59 37 84 25
Frame: 1901
2 52 36 82 24
Frame: 1902
2 49 33 81 24
Frame: 1903
Frame: 1904
Frame: 1905
Frame: 1906
Frame: 1907
Frame: 1908
Frame: 1909
Frame: 1910
Frame: 1911
Frame: 1912
Frame: 1913
Frame: 1914
Frame: 1915
Frame: 1916
Frame: 1917
Frame: 1918
Frame: 1919
Frame: 1920
Frame: 1921
Frame: 1922
Frame: 1923
Frame: 1924
Frame: 1925
Frame: 1926
Frame: 1927
Frame: 1928
Frame: 1929
Frame: 1930
Frame: 1931
Frame: 1932
1 419 150 59 39
Frame: 1933
1 405 143 73 44
Frame: 1934
1 398 135 77 43
Frame: 1935
1 386 132 86 41
2 385 131 91 42
Frame: 1936
2 376 122 102 42
Frame: 1937
2 366 117 112 42
Frame: 1938
2 355 111 123 44
Frame: 1939
2 346 106 124 40
Frame: 1940
2 331 100 138 42
Frame: 1941
2 325 94 133 41
Frame: 1942
2 316 89 129 42
Frame: 1943
2 303 85 134 41
Frame: 1944
2 298 81 126 40
Frame: 1945
2 288 77 125 39
Frame: 1946
2 280 72 124 39
Frame: 1947
2 271 69 124 40
Frame: 1948
2 265 65 122 37
Frame: 1949
2 257 62 120 36
Frame: 1950
2 250 57 117 37
Frame: 1951
2 241 54 117 36
Frame: 1952
2 235 50 117 34
Frame: 1953
2 229 47 115 35
Frame: 1954
2 222 41 112 34
Frame: 1955
2 217 40 111 34
Frame: 1956
2 210 36 109 32
Frame: 1957
2 205 33 106 32
Frame: 1958
2 198 30 108 31
Frame: 1959
2 193 26 106 32
Frame: 1960
2 189 24 103 32
Frame: 1961
2 183 22 102 31
Frame: 1962
2 176 19 101 30
Frame: 1963
2 172 16 103 31
Frame: 1964
2 167 14 99 30
Frame: 1965
2 162 12 98 30
Frame: 1966
2 158 10 97 29
Frame: 1967
2 153 9 97 28
Frame: 1968
2 149 6 93 28
Frame: 1969
2 144 3 99 29
Frame: 1970
2 140 2 94 27
Frame: 1971
2 136 0 93 27
Frame: 1972
2 131 0 94 23
Frame: 1973
Frame: 1974
Frame: 1975
Frame: 1976
Frame: 1977
Frame: 1978
Frame: 1979
Frame: 1980
Frame: 1981
Frame: 1982
2 342 132 127 46
Frame: 1983
2 328 125 137 43
Frame: 1984
2 316 118 140 45
Frame: 1985
2 303 112 139 44
Frame: 1986
2 295 106 131 42
Frame: 1987
2 282 99 135 44
Frame: 1988
2 272 95 132 40
Frame: 1989
2 264 89 128 42
Frame: 1990
2 253 84 131 41
Frame: 1991
2 244 80 130 39
Frame: 1992
2 238 75 123 39
Frame: 1993
2 227 70 125 40
Frame: 1994
2 221 66 120 39
Frame: 1995
2 214 63 119 37
Frame: 1996
2 206 58 117 39
Frame: 1997
2 197 55 118 38
Frame: 1998
2 193 52 112 36
Frame: 1999
2 184 48 114 36
Frame: 2000
2 178 45 114 35
Frame: 2001
2 174 42 110 33
Frame: 2002
2 167 40 108 31
Frame: 2003
2 159 36 110 32
Frame: 2004
2 156 33 106 33
Frame: 2005
2 149 29 109 33
Frame: 2006
2 144 26 106 32
Frame: 2007
2 142 25 102 31
Frame: 2008
2 136 22 102 31
Frame: 2009
2 130 20 104 31
Frame: 2010
2 125 17 102 32
Frame: 2011
2 121 15 103 31
Frame: 2012
2 117 13 100 31
Frame: 2013
2 113 12 99 30
Frame: 2014
2 110 11 98 28
Frame: 2015
2 106 9 99 29
Frame: 2016
2 103 7 97 29
Frame: 2017
2 99 5 96 29
Frame: 2018
2 96 4 99 29
Frame: 2019
2 362 69 116 42
Frame: 2020
2 361 68 117 43
Frame: 2021
2 359 68 119 40
Frame: 2022
2 358 67 120 39
Frame: 2023
2 356 66 122 39
Frame: 2024
2 355 66 123 38
Frame: 2025
2 353 64 125 40
Frame: 2026
2 352 64 121 37
Frame: 2027
2 350 63 121 38
Frame: 2028
2 348 63 123 38
Frame: 2029
2 346 62 123 38
Frame: 2030
2 343 59 126 39
Frame: 2031
2 339 58 128 39
Frame: 2032
2 338 57 126 39
Frame: 2033
2 335 57 127 38
Frame: 2034
2 333 55 129 39
Frame: 2035
2 332 54 126 39
Frame: 2036
2 327 54 131 39
Frame: 2037
2 326 53 130 39
Frame: 2038
2 320 53 135 39
Frame: 2039
2 319 51 133 38
Frame: 2040
2 318 49 131 39
Frame: 2041
2 316 49 129 38
Frame: 2042
2 314 48 127 38
Frame: 2043
2 311 48 128 36
Frame: 2044
2 309 46 128 37
Frame: 2045
2 305 44 126 37
Frame: 2046
2 302 43 127 38
Frame: 2047
2 301 42 124 38
Frame: 2048
2 297 41 126 38
Frame: 2049
2 293 42 125 35
Frame: 2050
2 291 40 124 36
Frame: 2051
2 287 38 125 36
Frame: 2052
2 284 37 124 36
Frame: 2053
2 283 35 123 36
Frame: 2054
2 278 34 124 36
Frame: 2055
2 275 33 124 34
Frame: 2056
2 273 32 121 35
Frame: 2057
2 270 30 121 35
Frame: 2058
2 264 28 121 36
Frame: 2059
2 261 26 119 37
Frame: 2060
2 259 24 118 37
Frame: 2061
2 255 23 119 37
Frame: 2062
2 252 23 118 34
Frame: 2063
2 247 21 120 34
Frame: 2064
2 245 18 117 37
Frame: 2065
2 243 18 115 35
Frame: 2066
2 239 17 117 34
Frame: 2067
2 235 16 116 33
Frame: 2068
2 234 13 110 34
Frame: 2069
2 230 10 112 35
Frame: 2070
2 225 10 112 33
Frame: 2071
2 223 9 110 31
Frame: 2072
2 219 7 109 32
Frame: 2073
2 216 4 108 32
Frame: 2074
2 209 3 110 32
Frame: 2075
2 207 2 108 32
Frame: 2076
2 203 1 109 31
Frame: 2077
2 200 2 107 28
Frame: 2078
2 198 0 100 28
Frame: 2079
2 196 0 98 25
Frame: 2080
Frame: 2081
Frame: 2082
Frame: 2083
Frame: 2084
Frame: 2085
Frame: 2086
Frame: 2087
Frame: 2088
Frame: 2089
Frame: 2090
Frame: 2091
2 326 71 120 35
Frame: 2092
2 321 68 117 35
Frame: 2093
2 315 65 117 34
Frame: 2094
2 310 61 116 35
Frame: 2095
2 304 58 114 35
Frame: 2096
2 298 56 115 33
Frame: 2097
2 294 53 112 34
Frame: 2098
2 287 51 113 32
Frame: 2099
2 285 47 111 33
Frame: 2100
2 280 45 110 33
Frame: 2101
2 273 42 110 32
Frame: 2102
2 270 40 107 31
Frame: 2103
2 266 38 103 30
Frame: 2104
2 260 35 107 30
Frame: 2105
2 257 33 103 31
Frame: 2106
2 252 31 105 31
Frame: 2107
2 246 30 106 29
Frame: 2108
2 241 28 105 28
Frame: 2109
2 239 26 102 30
Frame: 2110
2 236 24 102 30
Frame: 2111
2 231 23 100 28
Frame: 2112
2 227 21 100 28
Frame: 2113
2 224 18 99 30
Frame: 2114
2 221 17 99 29
Frame: 2115
2 215 15 99 29
Frame: 2116
2 214 13 95 28
Frame: 2117
2 209 12 96 27
Frame: 2118
2 207 11 95 27
Frame: 2119
2 203 10 95 27
Frame: 2120
2 200 8 93 26
Frame: 2121
2 195 5 94 27
Frame: 2122
Frame: 2123
Frame: 2124
Frame: 2125
Frame: 2126
Frame: 2127
Frame: 2128
Frame: 2129
Frame: 2130
Frame: 2131
Frame: 2132
Frame: 2133
Frame: 2134
Frame: 2135
Frame: 2136
Frame: 2137
Frame: 2138
Frame: 2139
Frame: 2140
Frame: 2141
Frame: 2142
Frame: 2143
Frame: 2144
Frame: 2145
Frame: 2146
1 432 58 46 40
Frame: 2147
1 430 55 48 41
Frame: 2148
1 427 55 51 40
Frame: 2149
1 424 53 54 41
Frame: 2150
1 423 50 55 42
Frame: 2151
1 419 49 59 42
Frame: 2152
1 416 49 62 39
Frame: 2153
1 414 47 64 40
Frame: 2154
1 409 44 69 42
Frame: 2155
1 407 44 70 41
Frame: 2156
1 404 41 72 40
Frame: 2157
1 400 39 75 41
Frame: 2158
1 399 38 74 41
Frame: 2159
1 396 38 75 39
Frame: 2160
1 392 36 75 40
Frame: 2161
1 389 35 74 38
Frame: 2162
1 386 33 74 39
Frame: 2163
1 383 32 72 38
Frame: 2164
1 377 30 73 39
Frame: 2165
1 374 28 73 39
Frame: 2166
1 370 27 73 37
Frame: 2167
1 367 25 73 38
Frame: 2168
1 362 24 72 38
Frame: 2169
1 359 22 72 39
Frame: 2170
1 357 21 71 37
Frame: 2171
1 353 19 70 38
Frame: 2172
1 349 18 69 37
Frame: 2173
1 346 16 69 37
Frame: 2174
1 342 15 68 37
Frame: 2175
1 339 12 67 37
Frame: 2176
1 333 10 70 39
Frame: 2177
1 330 8 67 38
Frame: 2178
1 327 7 66 35
Frame: 2179
1 323 5 67 35
Frame: 2180
1 318 3 65 35
Frame: 2181
1 314 1 66 36
Frame: 2182
1 309 1 63 34
Frame: 2183
1 306 0 65 34
Frame: 2184
1 302 0 65 32
Frame: 2185
1 298 0 66 31
Frame: 2186
1 293 0 67 29
Frame: 2187
1 292 0 64 28
Frame: 2188
1 289 0 56 27
Frame: 2189
Frame: 2190
Frame: 2191
2 276 0 61 21
Frame: 2192
Frame: 2193
Frame: 2194
Frame: 2195
Frame: 2196
Frame: 2197
2 277 98 137 43
Frame: 2198
2 272 95 133 42
Frame: 2199
2 265 91 129 41
Frame: 2200
2 257 87 131 41
Frame: 2201
2 250 83 127 40
Frame: 2202
2 244 81 128 36
Frame: 2203
2 238 76 124 38
Frame: 2204
2 232 73 122 37
Frame: 2205
2 225 69 120 37
Frame: 2206
2 218 66 121 36
Frame: 2207
2 213 62 116 36
Frame: 2208
2 207 58 116 36
Frame: 2209
2 202 55 114 36
Frame: 2210
2 195 52 114 36
Frame: 2211
2 190 50 115 34
Frame: 2212
2 186 46 109 35
Frame: 2213
2 181 43 108 33
Frame: 2214
2 172 39 112 35
Frame: 2215
2 170 38 106 33
Frame: 2216
2 163 35 109 32
Frame: 2217
2 160 32 105 34
Frame: 2218
2 154 28 106 33
Frame: 2219
2 149 26 105 33
Frame: 2220
2 145 25 102 31
Frame: 2221
2 142 23 100 31
Frame: 2222
2 135 20 102 32
Frame: 2223
2 133 19 99 31
Frame: 2224
2 129 17 97 30
Frame: 2225
2 125 14 98 30
Frame: 2226
2 119 12 97 30
Frame: 2227
2 116 11 96 29
Frame: 2228
2 112 9 96 29
Frame: 2229
Frame: 2230
Frame: 2231
Frame: 2232
Frame: 2233
Frame: 2234
1 437 134 41 28
Frame: 2235
1 426 126 52 34
Frame: 2236
1 418 121 60 34
Frame: 2237
2 406 117 70 31
Frame: 2238
2 398 112 79 32
Frame: 2239
2 389 106 89 33
Frame: 2240
2 381 101 96 33
Frame: 2241
2 372 97 106 34
Frame: 2242
2 363 92 114 33
Frame: 2243
2 353 88 121 35
Frame: 2244
2 346 85 117 33
Frame: 2245
2 339 81 114 33
Frame: 2246
2 328 77 114 33
Frame: 2247
2 321 73 116 33
Frame: 2248
2 315 70 110 32
Frame: 2249
2 306 67 112 31
Frame: 2250
2 298 63 112 32
Frame: 2251
2 289 59 112 31
Frame: 2252
2 282 55 110 31
Frame: 2253
2 276 53 108 29
Frame: 2254
2 268 49 109 30
Frame: 2255
2 260 46 109 29
Frame: 2256
2 255 43 106 28
Frame: 2257
2 248 39 105 29
Frame: 2258
2 244 37 103 29
Frame: 2259
2 237 34 104 28
Frame: 2260
2 228 31 104 28
Frame: 2261
2 223 29 102 27
Frame: 2262
2 218 26 101 27
Frame: 2263
2 214 24 96 26
Frame: 2264
2 205 21 100 27
Frame: 2265
2 200 18 102 27
Frame: 2266
2 196 15 95 27
Frame: 2267
2 191 14 93 24
Frame: 2268
2 187 12 90 25
Frame: 2269
2 179 10 94 25
Frame: 2270
2 176 7 93 26
Frame: 2271
2 172 5 89 26
Frame: 2272
2 164 4 95 25
Frame: 2273
2 160 2 93 26
Frame: 2274
2 154 0 91 26
Frame: 2275
2 149 0 95 23
Frame: 2276
Frame: 2277
Frame: 2278
Frame: 2279
Frame: 2280
Frame: 2281
1 257 27 66 37
Frame: 2282
1 251 24 66 37
Frame: 2283
1 247 23 64 35
Frame: 2284
1 241 20 62 35
Frame: 2285
1 235 17 63 36
Frame: 2286
1 231 16 61 35
Frame: 2287
1 225 14 61 35
Frame: 2288
1 221 13 60 34
Frame: 2289
1 214 11 62 34
Frame: 2290
1 210 9 62 35
Frame: 2291
1 207 9 59 33
Frame: 2292
1 202 7 59 33
Frame: 2293
1 198 5 58 33
Frame: 2294
1 193 4 59 32
Frame: 2295
1 191 2 57 33
Frame: 2296
1 186 2 57 31
Frame: 2297
1 183 1 56 31
Frame: 2298
1 178 0 56 30
Frame: 2299
1 174 0 58 28
Frame: 2300
1 171 0 59 27
Frame: 2301
1 168 0 57 25
Frame: 2302
1 166 0 55 24
Frame: 2303
1 168 0 43 17
Frame: 2304
1 165 0 45 16
2 159 0 55 21
Frame: 2305
1 158 0 46 15
2 154 0 55 21
Frame: 2306
2 152 0 55 19
Frame: 2307
Frame: 2308
2 149 0 48 12
Frame: 2309
2 145 0 45 11
Frame: 2310
2 142 0 47 11
Frame: 2311
2 141 0 44 10
Frame: 2312
Frame: 2313
Frame: 2314
Frame: 2315
Frame: 2316
Frame: 2317
Frame: 2318
Frame: 2319
Frame: 2320
Frame: 2321
Frame: 2322
Frame: 2323
Frame: 2324
Frame: 2325
Frame: 2326
Frame: 2327
Frame: 2328
Frame: 2329
Frame: 2330
Frame: 2331
Frame: 2332
Frame: 2333
Frame: 2334
Frame: 2335
Frame: 2336
Frame: 2337
Frame: 2338
Frame: 2339
Frame: 2340
Frame: 2341
Frame: 2342
Frame: 2343
Frame: 2344
Frame: 2345
Frame: 2346
Frame: 2347
Frame: 2348
Frame: 2349
Frame: 2350
Frame: 2351
Frame: 2352
Frame: 2353
Frame: 2354
Frame: 2355
Frame: 2356
1 422 158 56 44
Frame: 2357
1 409 149 69 46
Frame: 2358
1 402 140 76 48
Frame: 2359
1 390 133 85 47
Frame: 2360
1 382 127 82 47
Frame: 2361
1 372 122 82 45
Frame: 2362
1 362 114 80 45
Frame: 2363
1 351 110 80 44
Frame: 2364
1 342 104 79 43
Frame: 2365
1 334 98 76 43
Frame: 2366
1 324 94 76 41
Frame: 2367
1 314 89 76 41
Frame: 2368
1 307 84 75 40
Frame: 2369
1 299 79 72 40
Frame: 2370
1 290 75 72 40
Frame: 2371
1 283 72 71 38
Frame: 2372
1 276 67 69 38
Frame: 2373
1 266 64 69 37
Frame: 2374
1 259 57 71 40
Frame: 2375
1 254 55 65 36
Frame: 2376
1 247 50 65 36
Frame: 2377
1 237 46 68 37
Frame: 2378
1 230 42 68 37
Frame: 2379
1 228 39 61 34
Frame: 2380
1 218 34 65 35
Frame: 2381
1 213 30 65 36
Frame: 2382
1 206 27 65 35
Frame: 2383
1 202 25 62 33
Frame: 2384
1 197 22 60 34
Frame: 2385
1 190 19 61 34
Frame: 2386
1 185 17 61 33
Frame: 2387
1 181 15 59 33
Frame: 2388
1 175 12 59 32
Frame: 2389
1 170 10 59 32
Frame: 2390
1 167 9 56 30
Frame: 2391
1 160 5 58 31
Frame: 2392
1 156 3 58 31
Frame: 2393
1 153 2 54 30
Frame: 2394
1 147 1 55 28
Frame: 2395
1 143 0 56 27
Frame: 2396
1 140 0 55 24
Frame: 2397
1 137 0 53 23
Frame: 2398
2 132 0 52 20
Frame: 2399
Frame: 2400
2 126 0 46 11
Frame: 2401
Frame: 2402
Frame: 2403
Frame: 2404
Frame: 2405
Frame: 2406
Frame: 2407
Frame: 2408
Frame: 2409
Frame: 2410
Frame: 2411
Frame: 2412
Frame: 2413
Frame: 2414
Frame: 2415
Frame: 2416
Frame: 2417
Frame: 2418
Frame: 2419
Frame: 2420
Frame: 2421
Frame: 2422
Frame: 2423
Frame: 2424
Frame: 2425
Frame: 2426
Frame: 2427
Frame: 2428
Frame: 2429
Frame: 2430
Frame: 2431
Frame: 2432
Frame: 2433
Frame: 2434
Frame: 2435
Frame: 2436
Frame: 2437
Frame: 2438
Frame: 2439
Frame: 2440
Frame: 2441
Frame: 2442
1 424 127 54 42
Frame: 2443
1 411 119 67 45
Frame: 2444
1 401 111 76 47
Frame: 2445
1 391 106 82 48
Frame: 2446
1 378 101 82 47
Frame: 2447
1 370 96 77 45
Frame: 2448
1 358 93 79 45
Frame: 2449
1 346 86 78 46
Frame: 2450
1 338 84 77 44
Frame: 2451
1 327 80 77 43
Frame: 2452
1 318 77 75 43
Frame: 2453
1 310 72 75 43
Frame: 2454
1 302 69 73 41
Frame: 2455
1 291 65 74 40
Frame: 2456
1 282 62 72 40
Frame: 2457
1 274 57 72 40
Frame: 2458
1 266 55 70 38
Frame: 2459
1 260 51 69 39
Frame: 2460
1 249 48 69 38
Frame: 2461
1 244 45 68 38
Frame: 2462
1 236 41 68 38
Frame: 2463
1 230 38 67 38
Frame: 2464
1 222 34 66 37
Frame: 2465
1 216 31 67 37
Frame: 2466
1 209 28 66 37
Frame: 2467
1 203 25 65 37
Frame: 2468
1 198 23 63 35
Frame: 2469
1 192 20 62 35
Frame: 2470
1 184 18 65 35
Frame: 2471
1 179 16 63 35
Frame: 2472
1 175 14 60 35
Frame: 2473
1 168 12 62 35
Frame: 2474
1 162 10 62 35
Frame: 2475
1 159 9 59 33
Frame: 2476
1 153 7 60 34
Frame: 2477
1 148 4 60 34
Frame: 2478
1 142 3 60 33
Frame: 2479
1 140 2 58 32
Frame: 2480
1 135 1 56 31
Frame: 2481
1 129 0 58 31
Frame: 2482
1 126 0 56 28
Frame: 2483
1 120 0 59 26
Frame: 2484
1 119 0 56 25
Frame: 2485
1 120 0 43 17
2 114 0 57 24
Frame: 2486
1 117 0 45 16
2 112 0 54 21
Frame: 2487
1 109 0 48 15
2 106 0 54 20
Frame: 2488
Frame: 2489
2 102 0 46 12
Frame: 2490
2 101 0 46 10
Frame: 2491
Frame: 2492
Frame: 2493
Frame: 2494
Frame: 2495
Frame: 2496
Frame: 2497
Frame: 2498
Frame: 2499
Frame: 2500
Frame: 2501
Frame: 2502
Frame: 2503
Frame: 2504
Frame: 2505
Frame: 2506
Frame: 2507
Frame: 2508
Frame: 2509
Frame: 2510
Frame: 2511
Frame: 2512
Frame: 2513
Frame: 2514
Frame: 2515
Frame: 2516
Frame: 2517
Frame: 2518
Frame: 2519
Frame: 2520
Frame: 2521
Frame: 2522
Frame: 2523
Frame: 2524
Frame: 2525
Frame: 2526
Frame: 2527
Frame: 2528
Frame: 2529
Frame: 2530
Frame: 2531
Frame: 2532
1 427 198 51 41
Frame: 2533
1 415 190 63 41
Frame: 2534
1 404 180 74 44
Frame: 2535
1 395 175 77 44
Frame: 2536
1 383 167 78 43
Frame: 2537
1 372 163 76 42
Frame: 2538
1 361 159 74 41
Frame: 2539
1 352 151 74 42
Frame: 2540
1 340 146 75 42
Frame: 2541
1 333 142 70 40
Frame: 2542
1 324 136 69 38
Frame: 2543
1 313 131 69 39
Frame: 2544
1 305 126 67 38
Frame: 2545
1 295 119 67 40
Frame: 2546
1 285 115 66 37
Frame: 2547
1 276 109 68 39
Frame: 2548
1 267 104 66 38
Frame: 2549
1 261 100 63 35
Frame: 2550
1 251 95 64 36
Frame: 2551
1 243 90 64 36
Frame: 2552
1 237 85 62 34
Frame: 2553
1 229 80 62 35
Frame: 2554
1 220 75 62 35
Frame: 2555
1 213 71 62 34
Frame: 2556
1 206 67 60 33
Frame: 2557
1 200 64 58 33
Frame: 2558
1 192 60 60 33
Frame: 2559
1 188 58 56 31
Frame: 2560
1 181 54 57 32
Frame: 2561
1 175 51 57 31
Frame: 2562
1 169 49 55 31
Frame: 2563
1 164 45 54 30
Frame: 2564
1 159 42 53 30
Frame: 2565
1 152 39 55 30
Frame: 2566
1 146 37 54 29
Frame: 2567
1 143 35 51 28
Frame: 2568
1 137 31 52 30
Frame: 2569
1 133 29 51 29
Frame: 2570
1 128 26 52 29
Frame: 2571
1 124 26 50 27
Frame: 2572
1 119 23 49 27
Frame: 2573
1 115 18 50 29
Frame: 2574
1 111 16 48 28
Frame: 2575
1 106 12 50 28
Frame: 2576
1 104 9 46 28
Frame: 2577
1 98 6 49 27
Frame: 2578
1 97 4 45 25
Frame: 2579
1 92 0 45 26
Frame: 2580
1 90 0 43 23
Frame: 2581
1 87 0 42 20
Frame: 2582
Frame: 2583
2 82 0 37 11
Frame: 2584
Frame: 2585
Frame: 2586
Frame: 2587
Frame: 2588
Frame: 2589
Frame: 2590
Frame: 2591
Frame: 2592
Frame: 2593
Frame: 2594
Frame: 2595
Frame: 2596
Frame: 2597
Frame: 2598
Frame: 2599
Frame: 2600
Frame: 2601
Frame: 2602
Frame: 2603
Frame: 2604
Frame: 2605
Frame: 2606
Frame: 2607
Frame: 2608
Frame: 2609
Frame: 2610
Frame: 2611
Frame: 2612
Frame: 2613
Frame: 2614
1 418 91 60 45
Frame: 2615
1 409 82 69 46
Frame: 2616
1 399 77 77 48
Frame: 2617
1 391 74 79 45
Frame: 2618
1 380 68 80 47
Frame: 2619
1 370 64 77 46
Frame: 2620
1 362 62 75 44
Frame: 2621
1 353 57 74 44
Frame: 2622
1 343 53 76 43
Frame: 2623
1 334 48 75 43
Frame: 2624
1 326 46 72 40
Frame: 2625
1 318 39 73 43
Frame: 2626
1 311 37 71 41
Frame: 2627
1 302 33 71 41
Frame: 2628
1 294 31 70 39
Frame: 2629
1 287 28 70 40
Frame: 2630
1 279 23 70 41
Frame: 2631
1 275 23 66 37
Frame: 2632
1 265 17 69 40
Frame: 2633
1 260 16 64 37
Frame: 2634
1 253 13 65 37
Frame: 2635
1 246 11 65 36
Frame: 2636
1 241 8 63 37
Frame: 2637
1 234 6 63 36
Frame: 2638
1 229 3 63 35
Frame: 2639
1 223 3 61 33
Frame: 2640
1 215 0 63 36
Frame: 2641
1 211 0 61 34
Frame: 2642
1 205 0 60 33
Frame: 2643
1 199 0 63 31
Frame: 2644
1 195 0 60 29
Frame: 2645
1 191 0 53 27
Frame: 2646
1 184 0 59 24
Frame: 2647
Frame: 2648
Frame: 2649
Frame: 2650
Frame: 2651
Frame: 2652
Frame: 2653
Frame: 2654
Frame: 2655
Frame: 2656
Frame: 2657
Frame: 2658
Frame: 2659
Frame: 2660
Frame: 2661
Frame: 2662
Frame: 2663
Frame: 2664
Frame: 2665
Frame: 2666
Frame: 2667
Frame: 2668
1 417 169 61 50
Frame: 2669
1 399 156 79 59
Frame: 2670
1 386 147 90 58
Frame: 2671
1 372 139 92 57
Frame: 2672
1 358 133 90 55
Frame: 2673
1 347 125 86 52
Frame: 2674
1 331 118 87 53
Frame: 2675
1 319 110 86 51
Frame: 2676
1 307 103 85 51
Frame: 2677
1 294 96 83 51
Frame: 2678
1 283 91 81 48
Frame: 2679
1 271 84 81 48
Frame: 2680
1 261 78 80 47
Frame: 2681
1 249 72 80 47
Frame: 2682
1 241 67 76 45
Frame: 2683
1 230 63 76 43
Frame: 2684
1 220 56 75 45
Frame: 2685
1 212 52 73 43
Frame: 2686
1 205 48 70 41
Frame: 2687
1 195 43 72 41
Frame: 2688
1 188 39 68 40
Frame: 2689
1 181 35 68 39
Frame: 2690
1 172 32 65 38
Frame: 2691
1 165 26 66 39
Frame: 2692
1 158 22 65 38
Frame: 2693
1 152 19 64 37
Frame: 2694
1 145 15 63 39
Frame: 2695
1 138 12 63 36
Frame: 2696
1 132 8 63 39
Frame: 2697
1 126 6 61 37
Frame: 2698
1 122 5 59 35
Frame: 2699
1 115 2 60 35
Frame: 2700
1 110 1 58 33
Frame: 2701
1 104 0 58 33
Frame: 2702
1 101 0 58 30
Frame: 2703
1 95 0 58 26
Frame: 2704
1 90 0 58 25
Frame: 2705
Frame: 2706
Frame: 2707
Frame: 2708
2 78 0 46 12
Frame: 2709
2 72 0 44 11
Frame: 2710
Frame: 2711
Frame: 2712
Frame: 2713
Frame: 2714
Frame: 2715
Frame: 2716
Frame: 2717
Frame: 2718
Frame: 2719
Frame: 2720
Frame: 2721
Frame: 2722
Frame: 2723
Frame: 2724
Frame: 2725
Frame: 2726
Frame: 2727
Frame: 2728
Frame: 2729
Frame: 2730
Frame: 2731
Frame: 2732
Frame: 2733
Frame: 2734
Frame: 2735
Frame: 2736
Frame: 2737
Frame: 2738
Frame: 2739
Frame: 2740
Frame: 2741
Frame: 2742
Frame: 2743
Frame: 2744
Frame: 2745
Frame: 2746
Frame: 2747
Frame: 2748
Frame: 2749
Frame: 2750
Frame: 2751
Frame: 2752
Frame: 2753
Frame: 2754
Frame: 2755
Frame: 2756
Frame: 2757
1 442 158 35 24
Frame: 2758
1 422 131 56 42
Frame: 2759
1 408 123 69 44
Frame: 2760
1 396 113 79 47
Frame: 2761
1 385 108 79 45
Frame: 2762
1 373 102 79 44
Frame: 2763
1 359 96 77 44
Frame: 2764
1 348 91 76 43
Frame: 2765
1 337 86 74 42
Frame: 2766
1 325 81 74 41
Frame: 2767
1 313 76 74 41
Frame: 2768
1 304 72 71 39
Frame: 2769
1 293 67 71 39
Frame: 2770
1 281 63 69 37
Frame: 2771
1 270 57 73 40
Frame: 2772
1 262 54 68 37
Frame: 2773
1 251 49 67 37
Frame: 2774
1 243 44 67 38
Frame: 2775
1 234 40 65 36
Frame: 2776
1 226 36 62 34
Frame: 2777
1 216 31 64 36
Frame: 2778
1 208 28 64 35
Frame: 2779
1 202 24 60 34
Frame: 2780
1 192 21 63 35
Frame: 2781
1 183 17 63 34
Frame: 2782
1 178 16 59 33
Frame: 2783
1 170 13 58 32
Frame: 2784
1 162 10 59 32
Frame: 2785
1 156 7 57 33
Frame: 2786
1 149 5 57 31
Frame: 2787
1 143 3 56 30
Frame: 2788
1 136 2 55 29
Frame: 2789
1 130 0 54 29
Frame: 2790
1 122 0 55 26
Frame: 2791
1 121 0 51 24
Frame: 2792
Frame: 2793
Frame: 2794
2 102 0 45 11
Frame: 2795
Frame: 2796
Frame: 2797
Frame: 2798
Frame: 2799
Frame: 2800
Frame: 2801
Frame: 2802
Frame: 2803
Frame: 2804
Frame: 2805
Frame: 2806
Frame: 2807
Frame: 2808
Frame: 2809
2 232 26 97 27
Frame: 2810
2 229 23 95 27
Frame: 2811
2 219 21 98 26
Frame: 2812
2 215 18 94 27
Frame: 2813
2 206 17 98 26
Frame: 2814
2 205 15 89 25
Frame: 2815
2 201 14 87 24
Frame: 2816
2 193 11 89 25
Frame: 2817
2 190 9 86 25
Frame: 2818
2 180 6 91 24
Frame: 2819
2 177 3 89 25
Frame: 2820
2 173 2 88 26
Frame: 2821
2 167 0 90 25
Frame: 2822
Frame: 2823
Frame: 2824
Frame: 2825
Frame: 2826
Frame: 2827
Frame: 2828
Frame: 2829
Frame: 2830
Frame: 2831
Frame: 2832
Frame: 2833
Frame: 2834
Frame: 2835
Frame: 2836
Frame: 2837
Frame: 2838
Frame: 2839
Frame: 2840
Frame: 2841
Frame: 2842
Frame: 2843
Frame: 2844
1 218 17 63 35
Frame: 2845
1 212 14 62 35
Frame: 2846
1 205 11 61 33
Frame: 2847
1 199 9 59 33
Frame: 2848
1 192 7 59 33
Frame: 2849
1 184 5 61 31
Frame: 2850
1 179 2 58 32
Frame: 2851
1 175 1 56 31
Frame: 2852
1 170 0 52 28
Frame: 2853
1 162 0 56 25
Frame: 2854
1 159 0 53 24
Frame: 2855
2 152 0 52 20
Frame: 2856
Frame: 2857
2 142 0 48 11
Frame: 2858
2 139 0 43 9
Frame: 2859
Frame: 2860
Frame: 2861
Frame: 2862
Frame: 2863
Frame: 2864
Frame: 2865
Frame: 2866
Frame: 2867
Frame: 2868
Frame: 2869
Frame: 2870
Frame: 2871
Frame: 2872
Frame: 2873
Frame: 2874
Frame: 2875
Frame: 2876
Frame: 2877
Frame: 2878
Frame: 2879
Frame: 2880
Frame: 2881
Frame: 2882
Frame: 2883
Frame: 2884
Frame: 2885
Frame: 2886
Frame: 2887
Frame: 2888
Frame: 2889
Frame: 2890
Frame: 2891
Frame: 2892
Frame: 2893
Frame: 2894
Frame: 2895
Frame: 2896
Frame: 2897
Frame: 2898
Frame: 2899
Frame: 2900
Frame: 2901
Frame: 2902
Frame: 2903
Frame: 2904
Frame: 2905
Frame: 2906
Frame: 2907
Frame: 2908
Frame: 2909
Frame: 2910
Frame: 2911
Frame: 2912
Frame: 2913
Frame: 2914
Frame: 2915
Frame: 2916
Frame: 2917
Frame: 2918
Frame: 2919
Frame: 2920
Frame: 2921
1 410 149 68 41
Frame: 2922
1 399 143 79 39
Frame: 2923
1 383 133 87 45
2 384 132 92 46
Frame: 2924
2 372 127 106 42
Frame: 2925
2 360 117 118 45
Frame: 2926
2 349 112 129 43
Frame: 2927
2 339 108 127 41
Frame: 2928
2 328 100 128 43
Frame: 2929
2 319 95 133 41
Frame: 2930
2 307 90 128 42
Frame: 2931
2 297 85 129 41
Frame: 2932
2 288 80 130 41
Frame: 2933
2 279 76 126 41
Frame: 2934
2 271 71 122 42
Frame: 2935
2 263 68 123 39
Frame: 2936
2 255 64 119 38
Frame: 2937
2 249 59 117 39
Frame: 2938
2 241 55 116 38
Frame: 2939
2 233 52 116 37
Frame: 2940
2 225 49 115 35
Frame: 2941
2 218 44 114 36
Frame: 2942
2 213 41 110 35
Frame: 2943
2 206 37 109 35
Frame: 2944
2 198 34 108 34
Frame: 2945
2 192 30 108 34
Frame: 2946
2 184 26 107 34
Frame: 2947
2 179 25 107 31
Frame: 2948
2 174 21 103 32
Frame: 2949
2 167 19 103 31
Frame: 2950
2 164 14 100 32
Frame: 2951
2 157 14 100 30
Frame: 2952
2 153 11 98 30
Frame: 2953
2 146 9 99 30
Frame: 2954
2 142 6 97 31
Frame: 2955
2 137 5 96 29
Frame: 2956
2 133 4 95 27
Frame: 2957
2 128 2 96 27
Frame: 2958
2 122 0 93 28
Frame: 2959
2 119 0 95 25
Frame: 2960
Frame: 2961
Frame: 2962
Frame: 2963
Frame: 2964
Frame: 2965
1 367 121 84 47
Frame: 2966
1 350 115 93 49
Frame: 2967
1 344 111 89 48
Frame: 2968
1 333 109 88 45
Frame: 2969
1 331 106 82 42
Frame: 2970
1 315 99 88 46
Frame: 2971
1 316 96 77 44
Frame: 2972
1 305 94 78 42
Frame: 2973
1 296 91 77 38
1 441 189 37 25
Frame: 2974
1 283 86 84 38
1 427 168 51 41
Frame: 2975
1 419 153 59 49
Frame: 2976
1 406 149 71 48
Frame: 2977
1 401 139 77 53
1 278 73 69 40
Frame: 2978
1 390 134 85 53
Frame: 2979
1 383 129 85 52
Frame: 2980
1 374 125 83 51
Frame: 2981
1 366 121 84 50
1 243 55 69 40
Frame: 2982
1 358 117 83 48
Frame: 2983
1 349 113 82 49
Frame: 2984
1 341 110 80 47
Frame: 2985
1 333 106 79 47
1 214 42 68 39
Frame: 2986
1 326 103 78 45
1 209 41 63 37
Frame: 2987
1 317 98 79 47
Frame: 2988
1 310 95 78 43
Frame: 2989
1 301 90 77 45
Frame: 2990
1 295 88 75 42
Frame: 2991
1 288 83 74 43
Frame: 2992
1 280 80 75 41
Frame: 2993
1 271 74 75 43
Frame: 2994
1 265 72 73 40
Frame: 2995
1 260 69 70 40
1 139 9 71 38
Frame: 2996
1 252 65 71 39
Frame: 2997
1 245 61 71 39
Frame: 2998
1 240 58 70 39
1 121 3 66 34
Frame: 2999
1 232 56 70 38
Frame: 3000
1 227 52 70 39
Frame: 3001
1 220 49 69 38
Frame: 3002
1 214 48 69 36
Frame: 3003
1 208 43 69 38
Frame: 3004
1 203 40 68 38
Frame: 3005
1 199 38 66 36
Frame: 3006
1 195 35 64 36
Frame: 3007
1 187 32 67 37
Frame: 3008
1 182 29 66 37
Frame: 3009
1 178 27 65 36
Frame: 3010
1 174 25 64 34
Frame: 3011
1 168 22 65 35
Frame: 3012
1 163 19 64 35
Frame: 3013
1 159 17 64 35
Frame: 3014
1 154 16 64 35
Frame: 3015
1 151 14 63 34
Frame: 3016
1 148 13 60 32
Frame: 3017
1 142 11 61 33
Frame: 3018
1 139 10 59 32
Frame: 3019
1 135 8 58 32
Frame: 3020
1 131 6 59 33
Frame: 3021
1 127 5 58 31
Frame: 3022
1 124 4 57 31
Frame: 3023
1 120 2 57 31
Frame: 3024
1 114 0 60 32
Frame: 3025
1 111 0 59 29
Frame: 3026
1 109 0 58 28
Frame: 3027
1 104 0 57 25
Frame: 3028
1 104 0 55 23
Frame: 3029
Frame: 3030
Frame: 3031
Frame: 3032
Frame: 3033
Frame: 3034
Frame: 3035
Frame: 3036
Frame: 3037
1 428 190 50 45
Frame: 3038
1 410 179 68 47
Frame: 3039
1 401 171 77 49
Frame: 3040
1 388 162 89 48
Frame: 3041
1 377 155 84 48
Frame: 3042
1 362 147 86 48
Frame: 3043
1 350 141 85 48
Frame: 3044
1 338 135 84 46
Frame: 3045
1 329 129 79 45
Frame: 3046
1 319 123 80 45
Frame: 3047
1 309 118 78 44
Frame: 3048
1 299 112 77 43
Frame: 3049
1 290 108 77 42
Frame: 3050
1 280 103 76 42
Frame: 3051
1 273 99 74 41
Frame: 3052
1 264 95 75 41
Frame: 3053
1 255 90 76 41
Frame: 3054
1 247 87 74 39
Frame: 3055
1 243 83 70 39
Frame: 3056
1 232 78 74 39
Frame: 3057
1 227 76 70 38
Frame: 3058
1 219 71 71 38
Frame: 3059
1 213 68 70 37
Frame: 3060
1 207 63 69 38
Frame: 3061
1 201 61 68 37
Frame: 3062
1 193 56 69 37
Frame: 3063
1 188 54 66 36
Frame: 3064
1 182 51 67 36
Frame: 3065
1 177 48 66 35
Frame: 3066
1 172 46 65 35
Frame: 3067
1 166 44 65 34
Frame: 3068
1 163 41 63 34
Frame: 3069
1 159 40 61 34
Frame: 3070
1 152 38 63 34
Frame: 3071
1 148 36 61 32
Frame: 3072
1 143 33 62 34
Frame: 3073
1 141 32 59 33
Frame: 3074
1 134 30 61 32
Frame: 3075
1 131 28 58 32
Frame: 3076
1 127 26 58 32
Frame: 3077
1 124 24 58 31
Frame: 3078
1 119 22 58 30
Frame: 3079
1 117 19 56 31
Frame: 3080
1 112 17 56 31
Frame: 3081
1 109 15 56 31
Frame: 3082
1 105 13 55 31
Frame: 3083
1 102 11 55 31
Frame: 3084
1 98 10 55 30
Frame: 3085
1 96 8 54 30
Frame: 3086
1 93 6 55 30
Frame: 3087
1 424 111 54 36
Frame: 3088
1 422 110 56 37
Frame: 3089
1 422 110 56 35
Frame: 3090
1 420 109 58 35
Frame: 3091
1 420 109 58 36
Frame: 3092
1 418 109 60 35
Frame: 3093
1 417 108 61 36
Frame: 3094
1 417 108 61 36
Frame: 3095
1 417 107 61 35
Frame: 3096
1 414 106 63 35
Frame: 3097
1 413 106 63 34
Frame: 3098
1 414 105 63 35
Frame: 3099
1 414 105 64 35
Frame: 3100
1 412 105 64 34
Frame: 3101
1 409 105 66 33
Frame: 3102
1 407 104 71 34
2 410 105 68 33
Frame: 3103
1 406 103 71 35
Frame: 3104
1 407 102 67 35
Frame: 3105
1 405 101 72 36
2 405 101 72 35
Frame: 3106
2 405 101 73 33
Frame: 3107
2 401 101 75 34
Frame: 3108
2 400 100 77 34
Frame: 3109
2 400 100 78 34
Frame: 3110
2 398 98 79 36
Frame: 3111
2 398 98 79 36
Frame: 3112
2 394 98 83 35
Frame: 3113
2 391 97 86 35
Frame: 3114
2 390 97 86 34
Frame: 3115
2 388 96 89 34
Frame: 3116
2 388 96 88 35
Frame: 3117
2 386 96 90 34
Frame: 3118
2 383 96 92 33
Frame: 3119
2 383 94 92 33
Frame: 3120
2 378 94 99 33
Frame: 3121
2 375 92 103 34
Frame: 3122
2 374 91 103 35
Frame: 3123
2 371 88 107 35
Frame: 3124
2 366 86 111 37
Frame: 3125
2 366 85 111 36
Frame: 3126
2 363 84 115 35
Frame: 3127
2 359 82 118 34
Frame: 3128
2 354 82 115 32
Frame: 3129
2 352 78 118 34
Frame: 3130
2 347 76 120 34
Frame: 3131
2 342 73 120 35
Frame: 3132
2 338 72 126 34
Frame: 3133
2 335 70 127 34
Frame: 3134
2 329 69 129 34
Frame: 3135
2 327 68 127 33
Frame: 3136
2 325 65 122 34
Frame: 3137
2 317 64 124 34
Frame: 3138
2 315 62 121 34
Frame: 3139
2 309 60 121 33
Frame: 3140
2 306 57 121 36
Frame: 3141
2 301 55 122 35
Frame: 3142
2 296 53 121 34
Frame: 3143
1 293 56 62 30
2 290 52 124 33
Frame: 3144
2 287 51 119 32
Frame: 3145
2 282 48 121 33
Frame: 3146
2 277 46 118 33
Frame: 3147
2 273 42 117 34
Frame: 3148
2 268 41 118 33
Frame: 3149
2 265 40 115 30
Frame: 3150
2 260 38 113 31
Frame: 3151
2 254 36 115 30
Frame: 3152
2 251 33 112 31
Frame: 3153
2 245 30 115 32
Frame: 3154
2 240 28 112 31
Frame: 3155
2 237 26 112 30
Frame: 3156
2 235 26 107 28
Frame: 3157
2 227 23 110 29
Frame: 3158
2 224 21 108 29
Frame: 3159
2 219 18 106 29
Frame: 3160
2 214 16 109 29
Frame: 3161
2 210 12 104 30
Frame: 3162
2 206 11 104 29
Frame: 3163
2 201 10 105 28
Frame: 3164
2 196 8 105 27
Frame: 3165
2 192 5 104 29
Frame: 3166
Frame: 3167
Frame: 3168
Frame: 3169
Frame: 3170
Frame: 3171
Frame: 3172
Frame: 3173
Frame: 3174
Frame: 3175
Frame: 3176
Frame: 3177
Frame: 3178
Frame: 3179
Frame: 3180
Frame: 3181
1 423 172 55 44
Frame: 3182
1 412 165 66 46
Frame: 3183
1 407 158 71 49
Frame: 3184
1 400 154 78 49
Frame: 3185
1 392 148 86 49
Frame: 3186
1 385 142 88 50
Frame: 3187
1 378 139 88 50
Frame: 3188
1 371 135 86 49
Frame: 3189
1 363 131 86 48
Frame: 3190
1 357 128 84 47
Frame: 3191
1 349 124 84 47
Frame: 3192
1 343 120 85 47
Frame: 3193
1 336 117 83 46
Frame: 3194
1 331 114 80 44
Frame: 3195
1 325 111 80 44
Frame: 3196
1 320 107 78 44
Frame: 3197
1 311 104 81 44
Frame: 3198
1 307 102 79 42
Frame: 3199
1 302 98 77 43
Frame: 3200
1 295 95 78 43
Frame: 3201
1 291 93 77 41
Frame: 3202
1 285 89 78 42
Frame: 3203
1 280 87 76 41
Frame: 3204
1 276 85 73 40
Frame: 3205
1 271 80 73 41
Frame: 3206
1 265 78 74 40
Frame: 3207
1 259 75 75 41
Frame: 3208
1 256 72 72 40
Frame: 3209
1 251 71 71 38
Frame: 3210
1 246 68 72 39
Frame: 3211
1 243 64 69 39
Frame: 3212
1 238 63 67 38
Frame: 3213
1 231 60 72 38
Frame: 3214
1 229 58 69 37
Frame: 3215
1 227 56 67 37
Frame: 3216
1 222 55 66 36
Frame: 3217
1 216 51 68 38
Frame: 3218
1 213 49 66 36
Frame: 3219
1 208 47 66 37
Frame: 3220
1 204 44 67 38
Frame: 3221
1 199 43 66 36
Frame: 3222
1 197 41 64 35
Frame: 3223
1 194 40 62 34
Frame: 3224
1 189 36 64 35
Frame: 3225
Frame: 3226
Frame: 3227
Frame: 3228
Frame: 3229
1 440 125 37 26
Frame: 3230
1 423 100 55 42
Frame: 3231
1 411 92 67 45
Frame: 3232
1 400 84 78 47
Frame: 3233
1 390 80 84 46
Frame: 3234
1 378 75 85 46
Frame: 3235
1 370 69 82 45
Frame: 3236
1 358 65 81 44
Frame: 3237
1 349 61 79 44
Frame: 3238
1 340 57 79 43
Frame: 3239
1 332 53 76 41
Frame: 3240
1 323 49 75 40
Frame: 3241
1 313 46 76 40
Frame: 3242
1 304 42 76 41
Frame: 3243
1 297 39 74 39
Frame: 3244
1 292 34 70 39
Frame: 3245
1 279 32 73 38
Frame: 3246
1 273 28 72 39
Frame: 3247
1 265 25 72 38
Frame: 3248
1 260 21 70 38
Frame: 3249
1 250 17 70 37
Frame: 3250
1 246 15 69 36
Frame: 3251
1 237 11 71 38
Frame: 3252
1 232 8 67 36
Frame: 3253
1 228 5 65 35
Frame: 3254
1 221 2 65 36
Frame: 3255
1 213 1 66 34
Frame: 3256
1 208 0 66 32
Frame: 3257
1 204 0 64 31
Frame: 3258
1 197 0 63 29
Frame: 3259
Frame: 3260
Frame: 3261
2 181 0 62 23
Frame: 3262
Frame: 3263
Frame: 3264
Frame: 3265
Frame: 3266
Frame: 3267
Frame: 3268
Frame: 3269
Frame: 3270
Frame: 3271
Frame: 3272
Frame: 3273
Frame: 3274
Frame: 3275
Frame: 3276
Frame: 3277
Frame: 3278
Frame: 3279
Frame: 3280
Frame: 3281
Frame: 3282
Frame: 3283
Frame: 3284
Frame: 3285
Frame: 3286
Frame: 3287
Frame: 3288
Frame: 3289
Frame: 3290
Frame: 3291
Frame: 3292
Frame: 3293
Frame: 3294
1 439 236 39 25
Frame: 3295
1 426 215 52 44
Frame: 3296
1 416 208 62 43
Frame: 3297
1 408 203 70 45
Frame: 3298
1 399 195 79 46
Frame: 3299
1 393 191 81 45
Frame: 3300
1 384 187 82 46
Frame: 3301
1 377 181 81 44
Frame: 3302
1 368 177 80 44
Frame: 3303
1 359 174 79 44
Frame: 3304
1 352 167 81 42
Frame: 3305
1 343 165 79 42
Frame: 3306
1 337 159 79 44
Frame: 3307
1 328 157 78 42
Frame: 3308
1 322 151 79 42
Frame: 3309
1 315 149 76 41
Frame: 3310
1 307 144 78 42
Frame: 3311
1 302 141 75 42
Frame: 3312
1 295 137 74 40
Frame: 3313
1 290 134 73 39
Frame: 3314
1 283 130 72 40
Frame: 3315
1 276 128 72 38
Frame: 3316
1 271 123 70 39
Frame: 3317
1 264 120 70 38
Frame: 3318
1 259 116 71 39
Frame: 3319
1 252 112 70 39
Frame: 3320
1 247 110 70 38
Frame: 3321
1 241 106 69 38
Frame: 3322
1 238 103 66 36
Frame: 3323
1 232 100 67 36
Frame: 3324
1 227 97 65 35
Frame: 3325
1 221 92 66 37
Frame: 3326
1 214 89 66 37
Frame: 3327
1 212 87 65 35
Frame: 3328
1 206 83 64 35
Frame: 3329
1 201 80 65 36
Frame: 3330
1 196 78 63 36
Frame: 3331
1 192 75 63 36
Frame: 3332
1 189 73 61 34
Frame: 3333
1 184 71 63 34
Frame: 3334
1 181 69 61 33
Frame: 3335
1 174 66 63 34
Frame: 3336
1 173 65 60 33
Frame: 3337
1 168 63 59 33
Frame: 3338
1 163 60 61 34
Frame: 3339
1 160 58 59 32
Frame: 3340
1 159 57 56 32
Frame: 3341
1 153 55 60 32
Frame: 3342
1 150 52 58 32
Frame: 3343
1 146 50 59 32
Frame: 3344
1 144 49 57 33
Frame: 3345
1 140 46 59 33
Frame: 3346
1 138 45 56 31
Frame: 3347
1 135 44 56 31
Frame: 3348
1 131 43 56 30
Frame: 3349
1 130 42 54 30
Frame: 3350
1 127 40 54 30
Frame: 3351
1 124 38 55 31
Frame: 3352
1 121 37 55 30
Frame: 3353
2 343 35 115 30
Frame: 3354
2 331 28 114 31
Frame: 3355
2 316 23 117 31
Frame: 3356
2 305 19 115 29
Frame: 3357
2 297 13 109 29
Frame: 3358
2 287 10 108 28
Frame: 3359
2 274 5 107 27
Frame: 3360
2 267 0 102 30
Frame: 3361
2 259 0 101 23
Frame: 3362
Frame: 3363
Frame: 3364
Frame: 3365
Frame: 3366
Frame: 3367
Frame: 3368
Frame: 3369
Frame: 3370
Frame: 3371
Frame: 3372
Frame: 3373
Frame: 3374
Frame: 3375
Frame: 3376
Frame: 3377
Frame: 3378
Frame: 3379
Frame: 3380
Frame: 3381
Frame: 3382
Frame: 3383
Frame: 3384
Frame: 3385
Frame: 3386
Frame: 3387
Frame: 3388
Frame: 3389
Frame: 3390
Frame: 3391
Frame: 3392
Frame: 3393
Frame: 3394
Frame: 3395
Frame: 3396
Frame: 3397
Frame: 3398
Frame: 3399
Frame: 3400
Frame: 3401
Frame: 3402
Frame: 3403
Frame: 3404
1 440 230 37 25
Frame: 3405
1 418 196 60 46
Frame: 3406
1 405 186 73 53
Frame: 3407
1 392 174 86 59
Frame: 3408
1 384 171 89 51
Frame: 3409
1 372 160 86 54
Frame: 3410
1 360 156 88 51
Frame: 3411
1 346 148 90 50
Frame: 3412
1 335 144 89 48
Frame: 3413
1 323 139 89 47
Frame: 3414
1 313 130 88 49
Frame: 3415
1 304 125 84 47
Frame: 3416
1 293 119 84 45
Frame: 3417
1 284 111 82 47
Frame: 3418
1 275 108 82 43
Frame: 3419
1 266 101 79 43
Frame: 3420
1 256 95 79 44
Frame: 3421
1 247 89 78 43
Frame: 3422
1 239 85 76 42
Frame: 3423
1 230 81 76 41
Frame: 3424
1 222 75 75 42
Frame: 3425
1 213 70 75 40
Frame: 3426
1 206 65 74 39
Frame: 3427
1 199 62 71 39
Frame: 3428
1 191 56 72 40
Frame: 3429
1 184 53 71 39
Frame: 3430
1 179 48 69 38
Frame: 3431
1 171 45 69 37
Frame: 3432
1 166 41 66 36
Frame: 3433
1 159 38 66 35
Frame: 3434
1 152 34 67 36
Frame: 3435
1 147 30 64 36
Frame: 3436
1 139 26 66 35
Frame: 3437
1 135 23 64 34
Frame: 3438
1 129 20 63 34
Frame: 3439
1 125 16 61 34
Frame: 3440
1 120 13 60 35
Frame: 3441
1 115 12 60 32
Frame: 3442
1 110 9 59 32
Frame: 3443
1 106 6 58 33
Frame: 3444
1 101 4 57 31
Frame: 3445
1 96 1 57 32
Frame: 3446
1 92 1 56 30
Frame: 3447
1 87 0 56 28
Frame: 3448
1 82 0 57 25
Frame: 3449
1 81 0 55 22
2 83 0 52 23
Frame: 3450
2 75 0 55 20
Frame: 3451
2 76 0 45 12
Frame: 3452
2 71 0 46 10
Frame: 3453
Frame: 3454
Frame: 3455
Frame: 3456
Frame: 3457
Frame: 3458
Frame: 3459
Frame: 3460
Frame: 3461
Frame: 3462
Frame: 3463
Frame: 3464
Frame: 3465
Frame: 3466
Frame: 3467
Frame: 3468
Frame: 3469
Frame: 3470
Frame: 3471
Frame: 3472
Frame: 3473
Frame: 3474
Frame: 3475
Frame: 3476
Frame: 3477
Frame: 3478
Frame: 3479
Frame: 3480
Frame: 3481
Frame: 3482
Frame: 3483
Frame: 3484
Frame: 3485
Frame: 3486
Frame: 3487
Frame: 3488
Frame: 3489
Frame: 3490
Frame: 3491
Frame: 3492
Frame: 3493
Frame: 3494
Frame: 3495
Frame: 3496
1 421 109 57 44
Frame: 3497
1 411 103 67 43
Frame: 3498
1 401 96 76 43
Frame: 3499
1 391 92 78 42
Frame: 3500
1 382 87 76 42
Frame: 3501
1 370 83 77 41
Frame: 3502
1 361 79 73 41
Frame: 3503
1 352 76 72 41
Frame: 3504
1 341 71 74 40
Frame: 3505
1 332 67 72 39
Frame: 3506
1 324 64 70 38
Frame: 3507
1 313 59 72 40
Frame: 3508
1 305 56 71 38
Frame: 3509
1 296 52 71 39
Frame: 3510
1 290 48 67 38
Frame: 3511
1 280 45 70 37
Frame: 3512
1 274 40 68 40
Frame: 3513
1 267 39 66 36
Frame: 3514
1 260 34 64 36
Frame: 3515
1 252 31 64 36
Frame: 3516
1 245 28 65 36
Frame: 3517
1 238 24 64 36
Frame: 3518
1 232 22 62 34
Frame: 3519
1 224 19 63 34
Frame: 3520
1 219 16 62 35
Frame: 3521
1 213 14 61 33
Frame: 3522
1 207 12 61 33
Frame: 3523
1 200 9 61 34
Frame: 3524
1 197 7 58 35
Frame: 3525
1 191 6 58 32
Frame: 3526
1 184 5 58 32
Frame: 3527
1 180 3 58 32
Frame: 3528
1 177 1 55 31
Frame: 3529
1 172 1 54 30
Frame: 3530
1 167 0 56 28
Frame: 3531
1 161 0 56 27
Frame: 3532
1 157 0 57 25
Frame: 3533
1 154 0 55 23
Frame: 3534
2 149 0 51 20
Frame: 3535
Frame: 3536
2 141 0 47 12
Frame: 3537
2 140 0 46 11
Frame: 3538
2 135 0 45 11
Frame: 3539
Frame: 3540
Frame: 3541
Frame: 3542
Frame: 3543
Frame: 3544
Frame: 3545
1 85 8 62 34
Frame: 3546
1 79 5 62 35
Frame: 3547
1 73 2 61 35
Frame: 3548
1 71 1 58 33
Frame: 3549
1 62 0 64 31
Frame: 3550
1 59 0 61 30
Frame: 3551
Frame: 3552
Frame: 3553
Frame: 3554
Frame: 3555
Frame: 3556
Frame: 3557
Frame: 3558
Frame: 3559
Frame: 3560
Frame: 3561
Frame: 3562
Frame: 3563
Frame: 3564
Frame: 3565
Frame: 3566
Frame: 3567
Frame: 3568
Frame: 3569
Frame: 3570
Frame: 3571
Frame: 3572
Frame: 3573
Frame: 3574
Frame: 3575
Frame: 3576
Frame: 3577
Frame: 3578
Frame: 3579
Frame: 3580
Frame: 3581
Frame: 3582
Frame: 3583
Frame: 3584
1 428 137 50 40
Frame: 3585
1 422 130 56 40
Frame: 3586
1 412 126 65 41
1 212 78 46 23
Frame: 3587
1 405 121 73 43
Frame: 3588
1 398 117 75 43
Frame: 3589
1 390 114 76 42
1 196 70 42 22
Frame: 3590
1 384 112 73 41
Frame: 3591
1 375 108 74 40
1 184 63 42 23
Frame: 3592
1 368 103 74 41
1 183 62 39 20
Frame: 3593
1 360 100 72 41
Frame: 3594
1 354 97 70 38
Frame: 3595
1 348 93 69 38
Frame: 3596
1 340 89 70 38
Frame: 3597
1 335 86 68 38
Frame: 3598
1 327 83 70 38
Frame: 3599
1 322 79 68 38
Frame: 3600
1 317 77 67 38
Frame: 3601
1 308 73 68 39
Frame: 3602
1 304 72 65 36
Frame: 3603
1 298 68 65 36
Frame: 3604
1 292 65 65 36
Frame: 3605
1 286 64 65 36
Frame: 3606
1 282 61 64 36
Frame: 3607
1 275 58 67 37
Frame: 3608
1 272 57 63 34
Frame: 3609
1 269 54 60 34
Frame: 3610
1 260 49 65 36
Frame: 3611
1 257 48 62 34
Frame: 3612
1 252 45 63 35
Frame: 3613
1 247 43 63 35
Frame: 3614
1 244 42 61 33
Frame: 3615
1 240 39 62 34
Frame: 3616
1 236 38 60 34
Frame: 3617
1 232 36 60 32
Frame: 3618
1 228 34 59 33
Frame: 3619
1 225 32 59 33
Frame: 3620
1 222 32 59 32
Frame: 3621
1 218 29 58 32
Frame: 3622
1 214 27 57 32
Frame: 3623
1 212 25 55 31
Frame: 3624
1 208 21 55 31
Frame: 3625
1 204 17 56 31
Frame: 3626
1 201 15 55 30
Frame: 3627
1 199 12 54 29
Frame: 3628
1 195 10 53 30
Frame: 3629
1 192 7 54 30
Frame: 3630
1 188 6 53 29
Frame: 3631
1 185 3 53 30
Frame: 3632
1 183 2 52 29
Frame: 3633
1 180 0 51 28
Frame: 3634
1 176 0 51 26
Frame: 3635
Frame: 3636
Frame: 3637
Frame: 3638
Frame: 3639
Frame: 3640
Frame: 3641
Frame: 3642
1 441 244 37 17
Frame: 3643
1 427 233 51 29
Frame: 3644
1 416 224 62 38
Frame: 3645
1 404 218 72 41
Frame: 3646
2 392 210 85 39
Frame: 3647
2 387 200 91 41
Frame: 3648
2 379 196 97 40
Frame: 3649
2 370 190 104 41
Frame: 3650
2 362 180 114 42
Frame: 3651
2 351 176 116 39
Frame: 3652
2 343 168 115 39
Frame: 3653
2 334 163 126 40
Frame: 3654
2 327 159 124 42
Frame: 3655
2 318 151 123 41
Frame: 3656
2 310 148 125 40
Frame: 3657
2 300 143 124 40
Frame: 3658
2 293 138 123 37
Frame: 3659
2 283 133 126 37
Frame: 3660
2 278 127 122 40
Frame: 3661
1 418 18 47 20
2 272 125 121 36
Frame: 3662
2 265 119 123 38
Frame: 3663
2 262 116 117 36
Frame: 3664
2 256 112 113 36
Frame: 3665
2 248 109 116 33
Frame: 3666
1 382 4 44 21
2 243 104 116 34
Frame: 3667
2 236 101 115 35
Frame: 3668
2 234 98 112 33
Frame: 3669
2 227 95 110 32
Frame: 3670
2 219 91 113 34
Frame: 3671
2 220 88 107 32
Frame: 3672
2 213 86 106 32
Frame: 3673
2 209 83 106 32
Frame: 3674
2 205 81 105 30
Frame: 3675
2 196 79 109 30
Frame: 3676
2 193 76 106 31
Frame: 3677
2 190 74 104 30
Frame: 3678
2 187 72 102 30
Frame: 3679
2 182 70 101 30
Frame: 3680
2 180 67 99 31
Frame: 3681
2 173 65 102 29
Frame: 3682
2 170 63 102 28
Frame: 3683
2 169 60 96 28
Frame: 3684
2 162 58 99 27
Frame: 3685
2 159 55 99 29
Frame: 3686
2 155 53 98 28
Frame: 3687
2 154 51 94 28
Frame: 3688
2 150 50 95 27
Frame: 3689
2 147 48 94 28
Frame: 3690
2 145 48 92 25
Frame: 3691
2 143 45 89 25
Frame: 3692
2 140 43 90 26
Frame: 3693
2 133 42 93 26
Frame: 3694
2 133 40 90 27
Frame: 3695
2 127 38 92 27
Frame: 3696
2 126 36 89 25
Frame: 3697
2 123 35 88 26
Frame: 3698
2 121 32 86 26
Frame: 3699
2 116 28 89 24
Frame: 3700
2 114 26 89 26
Frame: 3701
2 113 22 86 25
Frame: 3702
2 110 19 85 25
Frame: 3703
2 108 18 86 26
Frame: 3704
2 105 16 85 25
Frame: 3705
2 102 14 84 23
Frame: 3706
2 102 13 78 22
Frame: 3707
2 98 11 81 24
Frame: 3708
2 97 9 80 23
Frame: 3709
2 92 7 83 23
Frame: 3710
2 90 4 81 24
Frame: 3711
2 88 3 79 24
Frame: 3712
2 83 1 83 25
Frame: 3713
2 88 2 70 21
Frame: 3714
2 80 1 80 23
Frame: 3715
Frame: 3716
Frame: 3717
2 80 0 51 11
Frame: 3718
2 78 0 49 10
Frame: 3719
Frame: 3720
1 235 14 62 35
Frame: 3721
1 229 11 62 35
Frame: 3722
1 223 8 61 34
Frame: 3723
1 217 6 61 34
Frame: 3724
1 211 4 59 33
Frame: 3725
1 205 3 60 31
Frame: 3726
1 200 1 57 31
Frame: 3727
1 195 0 57 31
Frame: 3728
1 189 0 58 29
Frame: 3729
1 183 0 57 27
Frame: 3730
1 178 0 57 25
Frame: 3731
1 176 0 54 22
Frame: 3732
Frame: 3733
Frame: 3734
Frame: 3735
Frame: 3736
Frame: 3737
Frame: 3738
Frame: 3739
Frame: 3740
Frame: 3741
Frame: 3742
Frame: 3743
Frame: 3744
Frame: 3745
Frame: 3746
Frame: 3747
Frame: 3748
Frame: 3749
Frame: 3750
Frame: 3751
Frame: 3752
Frame: 3753
Frame: 3754
Frame: 3755
Frame: 3756
Frame: 3757
Frame: 3758
Frame: 3759
Frame: 3760
Frame: 3761
Frame: 3762
Frame: 3763
2 365 78 111 40
Frame: 3764
2 362 77 110 40
Frame: 3765
2 360 73 114 41
Frame: 3766
2 357 71 114 41
Frame: 3767
2 351 69 116 40
Frame: 3768
2 350 68 114 41
Frame: 3769
2 347 66 114 41
Frame: 3770
2 342 65 113 41
Frame: 3771
2 335 64 117 40
Frame: 3772
2 331 62 117 41
Frame: 3773
2 330 60 113 41
Frame: 3774
2 326 58 111 40
Frame: 3775
2 322 56 110 39
Frame: 3776
2 318 54 112 39
Frame: 3777
2 315 52 112 40
Frame: 3778
2 310 50 109 40
Frame: 3779
2 303 48 115 40
Frame: 3780
2 300 47 112 39
Frame: 3781
2 296 45 112 40
Frame: 3782
2 293 42 110 39
Frame: 3783
2 290 40 108 38
Frame: 3784
2 284 38 112 38
Frame: 3785
2 283 36 105 38
Frame: 3786
2 278 34 106 38
Frame: 3787
2 273 33 108 37
Frame: 3788
2 270 32 106 37
Frame: 3789
2 266 30 105 37
Frame: 3790
2 262 28 106 36
Frame: 3791
2 259 27 104 35
Frame: 3792
2 255 25 103 35
Frame: 3793
2 253 23 101 36
Frame: 3794
2 250 22 99 34
Frame: 3795
2 244 21 101 35
Frame: 3796
2 240 19 102 35
Frame: 3797
2 237 17 101 36
Frame: 3798
2 234 16 98 33
Frame: 3799
2 231 13 98 34
Frame: 3800
2 227 12 97 34
Frame: 3801
2 224 11 96 34
Frame: 3802
2 222 10 94 33
Frame: 3803
1 204 31 68 36
Frame: 3804
1 199 28 68 36
Frame: 3805
1 195 24 66 37
Frame: 3806
1 189 22 65 35
Frame: 3807
1 185 20 63 34
Frame: 3808
1 179 16 65 36
Frame: 3809
1 175 14 64 35
Frame: 3810
1 171 13 62 34
Frame: 3811
1 165 10 63 33
Frame: 3812
1 161 8 63 35
Frame: 3813
1 157 6 62 34
Frame: 3814
1 154 6 61 32
Frame: 3815
1 149 3 61 32
Frame: 3816
1 144 2 62 32
Frame: 3817
1 141 0 59 32
Frame: 3818
1 138 0 59 30
Frame: 3819
1 134 0 60 28
Frame: 3820
1 129 0 59 26
Frame: 3821
1 126 0 60 24
Frame: 3822
Frame: 3823
Frame: 3824
Frame: 3825
Frame: 3826
Frame: 3827
Frame: 3828
Frame: 3829
Frame: 3830
Frame: 3831
Frame: 3832
Frame: 3833
Frame: 3834
Frame: 3835
Frame: 3836
Frame: 3837
Frame: 3838
Frame: 3839
Frame: 3840
Frame: 3841
Frame: 3842
Frame: 3843
Frame: 3844
Frame: 3845
Frame: 3846
Frame: 3847
Frame: 3848
Frame: 3849
Frame: 3850
1 431 36 47 39
Frame: 3851
1 423 32 55 40
Frame: 3852
1 416 29 62 40
Frame: 3853
1 409 24 67 40
Frame: 3854
1 403 24 67 38
Frame: 3855
1 392 21 69 39
Frame: 3856
1 386 18 68 38
Frame: 3857
1 378 15 66 40
Frame: 3858
1 373 15 64 36
Frame: 3859
1 364 10 67 40
Frame: 3860
1 358 8 66 38
Frame: 3861
1 354 7 62 36
Frame: 3862
1 346 6 62 35
Frame: 3863
1 341 3 61 35
Frame: 3864
1 333 1 62 37
Frame: 3865
1 327 0 62 36
Frame: 3866
1 320 0 64 34
Frame: 3867
1 315 0 62 33
Frame: 3868
1 310 0 61 31
Frame: 3869
1 303 0 62 30
Frame: 3870
1 298 0 61 29
Frame: 3871
1 294 0 54 27
Frame: 3872
1 286 0 60 25
Frame: 3873
Frame: 3874
Frame: 3875
Frame: 3876
Frame: 3877
Frame: 3878
Frame: 3879
Frame: 3880
Frame: 3881
Frame: 3882
Frame: 3883
Frame: 3884
Frame: 3885
Frame: 3886
Frame: 3887
Frame: 3888
Frame: 3889
Frame: 3890
Frame: 3891
Frame: 3892
Frame: 3893
Frame: 3894
Frame: 3895
Frame: 3896
Frame: 3897
Frame: 3898
Frame: 3899
2 205 18 101 29
Frame: 3900
2 202 15 102 28
Frame: 3901
2 198 13 97 30
Frame: 3902
2 196 12 95 27
Frame: 3903
2 190 10 99 29
Frame: 3904
2 187 9 100 28
Frame: 3905
2 183 8 99 26
Frame: 3906
2 183 6 96 27
Frame: 3907
2 179 6 96 26
Frame: 3908
2 175 4 96 26
Frame: 3909
2 169 4 95 25
Frame: 3910
2 166 0 97 25
Frame: 3911
2 163 0 98 24
Frame: 3912
Frame: 3913
Frame: 3914
Frame: 3915
Frame: 3916
Frame: 3917
Frame: 3918
Frame: 3919
Frame: 3920
Frame: 3921
Frame: 3922
Frame: 3923
Frame: 3924
Frame: 3925
Frame: 3926
Frame: 3927
Frame: 3928
Frame: 3929
Frame: 3930
1 226 41 65 35
Frame: 3931
1 219 38 64 36
Frame: 3932
1 211 34 63 35
Frame: 3933
1 203 31 64 35
Frame: 3934
1 197 29 60 34
Frame: 3935
1 188 25 62 34
Frame: 3936
1 182 24 59 32
Frame: 3937
1 177 22 60 32
Frame: 3938
1 169 19 59 32
Frame: 3939
1 164 17 57 32
Frame: 3940
1 157 14 58 31
Frame: 3941
1 151 12 57 31
Frame: 3942
1 145 10 55 30
Frame: 3943
1 140 6 55 31
Frame: 3944
1 134 5 55 29
Frame: 3945
1 129 3 53 29
Frame: 3946
1 124 1 50 28
Frame: 3947
1 119 0 52 28
Frame: 3948
1 114 0 53 24
Frame: 3949
1 110 0 50 22
Frame: 3950
Frame: 3951
Frame: 3952
Frame: 3953
Frame: 3954
Frame: 3955
Frame: 3956
Frame: 3957
Frame: 3958
Frame: 3959
Frame: 3960
Frame: 3961
Frame: 3962
Frame: 3963
Frame: 3964
Frame: 3965
Frame: 3966
Frame: 3967
Frame: 3968
Frame: 3969
Frame: 3970
Frame: 3971
Frame: 3972
Frame: 3973
Frame: 3974
Frame: 3975
Frame: 3976
Frame: 3977
Frame: 3978
Frame: 3979
Frame: 3980
Frame: 3981
Frame: 3982
Frame: 3983
Frame: 3984
Frame: 3985
Frame: 3986
Frame: 3987
Frame: 3988
Frame: 3989
Frame: 3990
Frame: 3991
Frame: 3992
Frame: 3993
Frame: 3994
Frame: 3995
Frame: 3996
Frame: 3997
Frame: 3998
1 411 129 67 46
Frame: 3999
1 395 115 83 52
Frame: 4000
1 380 108 88 51
Frame: 4001
1 362 99 88 50
Frame: 4002
1 348 92 85 48
Frame: 4003
1 332 83 85 47
Frame: 4004
1 319 76 82 46
Frame: 4005
1 304 69 81 44
Frame: 4006
1 291 63 79 42
Frame: 4007
1 278 54 78 44
Frame: 4008
1 264 48 77 42
Frame: 4009
1 255 42 74 41
Frame: 4010
1 243 38 72 39
Frame: 4011
1 231 32 71 39
Frame: 4012
1 221 27 71 39
Frame: 4013
1 212 23 69 37
Frame: 4014
1 201 17 68 36
Frame: 4015
1 192 12 68 37
Frame: 4016
1 184 8 67 35
Frame: 4017
1 174 4 67 35
Frame: 4018
1 167 1 63 34
Frame: 4019
1 161 0 63 31
Frame: 4020
Frame: 4021
1 146 0 60 25
Frame: 4022
Frame: 4023
Frame: 4024
2 132 0 49 11
Frame: 4025
Frame: 4026
Frame: 4027
Frame: 4028
Frame: 4029
Frame: 4030
Frame: 4031
Frame: 4032
Frame: 4033
Frame: 4034
Frame: 4035
Frame: 4036
Frame: 4037
Frame: 4038
Frame: 4039
Frame: 4040
Frame: 4041
Frame: 4042
Frame: 4043
Frame: 4044
Frame: 4045
Frame: 4046
Frame: 4047
Frame: 4048
Frame: 4049
Frame: 4050
Frame: 4051
Frame: 4052
Frame: 4053
Frame: 4054
Frame: 4055
Frame: 4056
1 56 0 41 20
Frame: 4057
1 56 1 37 18
Frame: 4058
Frame: 4059
Frame: 4060
Frame: 4061
Frame: 4062
Frame: 4063
Frame: 4064
Frame: 4065
Frame: 4066
Frame: 4067
Frame: 4068
Frame: 4069
Frame: 4070
Frame: 4071
Frame: 4072
Frame: 4073
Frame: 4074
Frame: 4075
Frame: 4076
Frame: 4077
Frame: 4078
Frame: 4079
Frame: 4080
Frame: 4081
Frame: 4082
Frame: 4083
1 425 68 53 45
Frame: 4084
1 418 65 60 44
Frame: 4085
1 411 61 67 46
Frame: 4086
1 405 59 73 47
Frame: 4087
1 399 57 78 47
Frame: 4088
1 392 50 85 50
Frame: 4089
1 386 46 86 51
Frame: 4090
1 381 46 85 48
Frame: 4091
1 376 43 83 50
Frame: 4092
1 369 41 84 48
Frame: 4093
1 363 39 85 46
Frame: 4094
1 356 36 85 48
Frame: 4095
1 352 33 82 49
Frame: 4096
1 348 31 81 47
Frame: 4097
1 341 30 82 48
Frame: 4098
1 338 28 81 47
Frame: 4099
1 333 26 80 47
Frame: 4100
1 326 24 80 45
Frame: 4101
1 322 22 80 46
Frame: 4102
1 317 19 78 46
Frame: 4103
1 311 16 79 46
Frame: 4104
1 308 15 77 45
Frame: 4105
1 301 14 78 44
Frame: 4106
1 298 12 76 43
Frame: 4107
1 295 11 74 43
Frame: 4108
1 290 10 76 43
Frame: 4109
1 285 7 75 43
Frame: 4110
1 280 5 74 43
Frame: 4111
1 278 3 72 43
Frame: 4112
1 273 2 72 42
Frame: 4113
1 270 1 72 40
Frame: 4114
1 265 1 70 38
Frame: 4115
1 262 0 68 38
Frame: 4116
1 258 0 67 35
Frame: 4117
1 250 0 73 34
Frame: 4118
1 248 0 71 32
Frame: 4119
1 245 0 68 32
Frame: 4120
Frame: 4121
Frame: 4122
Frame: 4123
Frame: 4124
Frame: 4125
Frame: 4126
Frame: 4127
Frame: 4128
Frame: 4129
Frame: 4130
Frame: 4131
Frame: 4132
Frame: 4133
Frame: 4134
Frame: 4135
Frame: 4136
Frame: 4137
Frame: 4138
Frame: 4139
Frame: 4140
Frame: 4141
Frame: 4142
Frame: 4143
Frame: 4144
Frame: 4145
Frame: 4146
2 260 42 114 37
Frame: 4147
2 249 38 115 37
Frame: 4148
2 247 35 113 36
Frame: 4149
2 241 31 108 37
Frame: 4150
2 232 27 111 35
Frame: 4151
2 225 24 108 34
Frame: 4152
2 220 21 107 33
Frame: 4153
2 214 18 104 33
Frame: 4154
2 209 15 104 32
Frame: 4155
2 203 11 103 32
Frame: 4156
2 196 9 104 32
Frame: 4157
2 191 8 101 31
Frame: 4158
2 186 6 97 30
Frame: 4159
2 179 4 100 30
Frame: 4160
2 176 1 97 32
Frame: 4161
2 172 1 95 29
Frame: 4162
Frame: 4163
Frame: 4164
Frame: 4165
Frame: 4166
Frame: 4167
Frame: 4168
Frame: 4169
Frame: 4170
Frame: 4171
Frame: 4172
Frame: 4173
Frame: 4174
Frame: 4175
Frame: 4176
Frame: 4177
Frame: 4178
Frame: 4179
Frame: 4180
Frame: 4181
Frame: 4182
Frame: 4183
Frame: 4184
Frame: 4185
Frame: 4186
Frame: 4187
2 255 45 116 39
Frame: 4188
2 243 40 118 42
Frame: 4189
2 236 36 114 38
Frame: 4190
2 231 33 115 38
Frame: 4191
2 225 29 109 39
Frame: 4192
2 215 24 112 37
Frame: 4193
2 207 22 111 35
Frame: 4194
2 204 18 109 37
Frame: 4195
2 198 14 106 37
Frame: 4196
2 192 12 105 35
Frame: 4197
2 185 8 104 34
Frame: 4198
2 181 7 102 34
Frame: 4199
2 172 5 104 33
Frame: 4200
2 167 3 103 32
Frame: 4201
2 164 3 100 31
Frame: 4202
2 163 3 93 29
Frame: 4203
2 155 0 93 27
Frame: 4204
Frame: 4205
Frame: 4206
Frame: 4207
Frame: 4208
Frame: 4209
Frame: 4210
Frame: 4211
Frame: 4212
Frame: 4213
Frame: 4214
Frame: 4215
Frame: 4216
Frame: 4217
Frame: 4218
Frame: 4219
Frame: 4220
Frame: 4221
Frame: 4222
Frame: 4223
Frame: 4224
Frame: 4225
Frame: 4226
Frame: 4227
2 408 41 68 29
Frame: 4228
2 398 34 80 33
Frame: 4229
2 388 30 90 32
Frame: 4230
2 378 25 100 34
Frame: 4231
2 370 22 105 33
Frame: 4232
2 360 18 116 33
Frame: 4233
2 352 12 114 35
Frame: 4234
2 343 9 113 35
Frame: 4235
2 334 6 114 34
Frame: 4236
2 328 5 110 31
Frame: 4237
2 318 2 112 31
Frame: 4238
2 311 0 105 29
Frame: 4239
2 306 0 103 24
Frame: 4240
Frame: 4241
Frame: 4242
Frame: 4243
Frame: 4244
Frame: 4245
Frame: 4246
Frame: 4247
Frame: 4248
Frame: 4249
Frame: 4250
Frame: 4251
Frame: 4252
Frame: 4253
Frame: 4254
Frame: 4255
Frame: 4256
Frame: 4257
Frame: 4258
Frame: 4259
Frame: 4260
Frame: 4261
Frame: 4262
Frame: 4263
Frame: 4264
Frame: 4265
Frame: 4266
Frame: 4267
Frame: 4268
Frame: 4269
Frame: 4270
Frame: 4271
Frame: 4272
Frame: 4273
Frame: 4274
Frame: 4275
Frame: 4276
Frame: 4277
Frame: 4278
Frame: 4279
Frame: 4280
1 414 148 64 37
Frame: 4281
1 404 140 67 40
Frame: 4282
1 395 135 80 41
Frame: 4283
2 382 128 96 41
Frame: 4284
2 370 121 108 43
Frame: 4285
2 361 115 117 41
Frame: 4286
2 351 108 122 43
Frame: 4287
2 339 103 124 41
Frame: 4288
2 329 98 136 40
Frame: 4289
2 321 93 133 41
Frame: 4290
2 311 88 128 40
Frame: 4291
2 302 86 128 38
Frame: 4292
2 296 80 125 38
Frame: 4293
2 286 77 124 39
Frame: 4294
2 277 72 124 39
Frame: 4295
2 269 70 125 37
Frame: 4296
2 262 66 122 38
Frame: 4297
2 255 63 120 37
Frame: 4298
2 247 59 118 36
Frame: 4299
1 244 61 52 30
2 240 56 118 35
Frame: 4300
2 232 52 118 37
Frame: 4301
2 229 49 114 35
Frame: 4302
2 222 47 114 34
Frame: 4303
2 215 42 111 35
Frame: 4304
2 210 40 110 33
Frame: 4305
1 207 42 49 25
2 204 38 108 31
Frame: 4306
2 199 35 108 32
Frame: 4307
2 191 33 111 32
Frame: 4308
2 185 29 109 34
Frame: 4309
2 180 26 108 33
Frame: 4310
2 176 25 104 31
Frame: 4311
2 172 23 102 30
Frame: 4312
2 167 21 104 31
Frame: 4313
2 161 20 102 28
