Frame: 0
Frame: 1
Frame: 2
1 103 141 34 55
Frame: 3
1 107 140 34 61
Frame: 4
1 110 140 35 67
Frame: 5
1 112 140 39 65
Frame: 6
1 114 139 42 65
Frame: 7
1 118 135 44 74
Frame: 8
1 123 133 43 77
Frame: 9
1 127 132 42 74
Frame: 10
1 132 132 41 74
Frame: 11
1 138 132 39 76
Frame: 12
1 145 132 35 78
Frame: 13
1 150 132 33 81
Frame: 14
1 152 131 34 82
Frame: 15
1 156 129 36 86
Frame: 16
1 158 124 38 91
Frame: 17
1 161 123 40 92
Frame: 18
1 163 121 46 94
Frame: 19
1 165 120 49 95
Frame: 20
1 165 122 49 93
Frame: 21
1 172 122 48 93
Frame: 22
1 180 122 45 92
Frame: 23
1 188 122 44 91
Frame: 24
1 194 118 44 96
Frame: 25
1 198 116 44 96
Frame: 26
1 201 114 45 99
Frame: 27
1 204 111 45 103
Frame: 28
1 207 110 45 102
Frame: 29
1 212 109 44 101
Frame: 30
1 218 109 42 99
Frame: 31
1 224 110 39 94
Frame: 32
1 231 110 34 88
Frame: 33
1 235 106 34 97
Frame: 34
1 239 105 33 97
Frame: 35
1 241 103 36 96
Frame: 36
1 242 98 43 107
Frame: 37
1 245 98 47 105
Frame: 38
1 248 97 48 105
Frame: 39
1 252 99 46 100
Frame: 40
1 257 99 44 96
Frame: 41
1 263 100 41 95
Frame: 42
1 270 100 40 94
Frame: 43
1 276 99 39 92
Frame: 44
1 279 98 40 91
Frame: 45
1 282 96 40 93
Frame: 46
1 285 94 40 94
Frame: 47
1 288 93 40 92
Frame: 48
1 292 93 38 89
Frame: 49
1 296 93 38 88
Frame: 50
1 300 94 37 85
Frame: 51
1 305 92 35 85
Frame: 52
1 311 90 31 87
Frame: 53
1 315 88 29 89
Frame: 54
1 317 89 31 87
Frame: 55
1 319 90 35 86
Frame: 56
1 320 88 38 86
Frame: 57
1 321 86 39 86
Frame: 58
1 323 83 41 89
Frame: 59
1 327 84 39 89
Frame: 60
1 331 84 41 89
Frame: 61
1 336 84 39 87
Frame: 62
Frame: 63
Frame: 64
Frame: 65
2 346 81 36 86
Frame: 66
2 347 74 36 92
Frame: 67
2 350 74 33 89
Frame: 68
Frame: 69
Frame: 70
Frame: 71
Frame: 72
Frame: 73
Frame: 74
Frame: 75
Frame: 76
Frame: 77
Frame: 78
Frame: 79
Frame: 80
Frame: 81
Frame: 82
Frame: 83
Frame: 84
Frame: 85
Frame: 86
Frame: 87
Frame: 88
Frame: 89
Frame: 90
Frame: 91
Frame: 92
Frame: 93
Frame: 94
Frame: 95
Frame: 96
Frame: 97
Frame: 98
Frame: 99
Frame: 100
Frame: 101
Frame: 102
Frame: 103
Frame: 104
Frame: 105
Frame: 106
Frame: 107
Frame: 108
Frame: 109
Frame: 110
Frame: 111
Frame: 112
Frame: 113
Frame: 114
Frame: 115
Frame: 116
Frame: 117
Frame: 118
Frame: 119
Frame: 120
Frame: 121
Frame: 122
Frame: 123
Frame: 124
Frame: 125
Frame: 126
Frame: 127
Frame: 128
Frame: 129
Frame: 130
Frame: 131
Frame: 132
Frame: 133
Frame: 134
Frame: 135
Frame: 136
Frame: 137
Frame: 138
Frame: 139
Frame: 140
Frame: 141
Frame: 142
Frame: 143
Frame: 144
Frame: 145
Frame: 146
Frame: 147
3 310 34 30 73
Frame: 148
3 309 33 29 72
Frame: 149
3 308 32 28 74
Frame: 150
3 307 32 27 73
Frame: 151
3 305 32 27 73
Frame: 152
3 304 32 25 74
Frame: 153
3 301 33 25 71
Frame: 154
3 299 35 26 70
Frame: 155
3 297 34 26 72
Frame: 156
3 295 33 26 72
Frame: 157
3 292 33 28 70
Frame: 158
3 288 34 30 70
Frame: 159
3 285 33 32 72
Frame: 160
3 284 32 33 73
Frame: 161
3 285 32 32 72
Frame: 162
3 285 33 30 70
Frame: 163
3 284 33 29 70
Frame: 164
3 283 32 28 71
Frame: 165
3 283 32 26 70
Frame: 166
3 283 31 24 70
Frame: 167
3 283 31 22 69
Frame: 168
3 283 32 20 69
Frame: 169
3 281 30 20 72
Frame: 170
3 279 30 21 71
Frame: 171
3 277 31 22 70
Frame: 172
3 275 32 23 68
Frame: 173
3 274 30 24 70
Frame: 174
3 273 31 24 69
Frame: 175
3 272 30 24 70
Frame: 176
3 273 29 22 70
Frame: 177
3 274 28 21 70
Frame: 178
3 273 29 21 68
Frame: 179
3 273 29 20 66
Frame: 180
3 272 30 21 65
Frame: 181
3 271 29 22 65
Frame: 182
3 271 29 20 66
Frame: 183
3 270 29 20 66
Frame: 184
3 269 28 21 67
Frame: 185
3 268 27 22 67
Frame: 186
3 267 28 21 65
Frame: 187
3 266 29 22 65
Frame: 188
3 265 29 23 65
Frame: 189
3 265 30 22 63
Frame: 190
3 264 30 23 64
Frame: 191
3 263 30 23 64
Frame: 192
3 263 29 23 64
Frame: 193
3 262 30 24 62
Frame: 194
Frame: 195
Frame: 196
3 261 29 23 64
Frame: 197
3 261 29 22 65
Frame: 198
3 261 30 21 64
Frame: 199
3 260 29 23 64
Frame: 200
3 261 29 22 63
Frame: 201
3 260 28 23 64
Frame: 202
3 259 29 23 63
Frame: 203
Frame: 204
3 259 29 21 64
Frame: 205
3 259 28 21 65
Frame: 206
Frame: 207
Frame: 208
3 258 27 22 66
Frame: 209
3 259 28 21 65
Frame: 210
3 259 28 21 65
Frame: 211
3 258 28 22 65
Frame: 212
Frame: 213
Frame: 214
Frame: 215
3 258 25 21 69
Frame: 216
3 258 24 21 70
Frame: 217
Frame: 218
Frame: 219
Frame: 220
3 258 25 20 69
Frame: 221
3 258 24 20 70
Frame: 222
3 258 24 19 70
Frame: 223
3 258 25 20 69
Frame: 224
3 257 25 20 70
Frame: 225
3 257 24 20 70
Frame: 226
3 257 26 20 67
Frame: 227
3 256 27 21 66
Frame: 228
3 256 26 21 63
Frame: 229
Frame: 230
Frame: 231
Frame: 232
Frame: 233
Frame: 234
Frame: 235
3 256 22 20 71
Frame: 236
3 256 22 20 71
Frame: 237
3 255 23 21 70
Frame: 238
3 254 24 22 69
Frame: 239
3 254 22 22 71
Frame: 240
3 254 23 22 70
Frame: 241
3 254 26 22 66
Frame: 242
3 253 25 23 68
Frame: 243
3 253 26 22 66
Frame: 244
3 253 27 22 65
Frame: 245
3 253 26 21 66
Frame: 246
3 252 25 21 68
Frame: 247
3 252 25 20 67
Frame: 248
3 251 25 22 67
Frame: 249
3 251 25 21 67
Frame: 250
3 250 26 22 65
Frame: 251
3 250 25 22 66
Frame: 252
3 250 23 21 68
Frame: 253
3 249 23 22 68
Frame: 254
3 249 21 21 70
Frame: 255
3 249 21 21 71
Frame: 256
3 249 19 21 72
Frame: 257
3 249 19 21 71
Frame: 258
3 250 19 20 71
Frame: 259
3 249 20 21 70
Frame: 260
3 249 21 20 69
Frame: 261
3 248 21 21 69
Frame: 262
3 248 21 21 69
Frame: 263
3 247 22 21 68
Frame: 264
3 247 23 21 67
Frame: 265
3 246 22 22 68
Frame: 266
3 246 21 22 69
Frame: 267
3 246 21 23 69
Frame: 268
3 246 21 22 68
Frame: 269
3 246 21 22 68
Frame: 270
3 246 20 22 69
Frame: 271
3 246 20 21 69
Frame: 272
3 246 20 21 69
Frame: 273
3 246 20 21 69
Frame: 274
3 246 21 20 69
Frame: 275
3 246 21 20 69
Frame: 276
3 246 21 20 69
Frame: 277
3 246 21 20 69
Frame: 278
3 246 21 20 69
Frame: 279
3 247 21 19 69
Frame: 280
3 247 21 19 69
Frame: 281
3 246 21 19 69
Frame: 282
3 246 21 19 69
Frame: 283
3 246 21 19 70
Frame: 284
3 246 22 19 68
Frame: 285
3 246 22 19 68
Frame: 286
3 246 22 19 68
Frame: 287
3 246 22 19 68
Frame: 288
3 247 22 18 68
Frame: 289
3 247 22 18 68
Frame: 290
3 247 22 18 68
Frame: 291
3 247 22 18 68
Frame: 292
3 246 22 19 68
Frame: 293
3 246 22 19 69
Frame: 294
3 247 22 18 68
Frame: 295
3 246 21 19 69
Frame: 296
3 246 21 19 69
Frame: 297
3 246 21 19 69
Frame: 298
3 246 21 19 70
Frame: 299
3 246 21 20 70
Frame: 300
3 246 21 20 69
Frame: 301
3 246 21 20 69
Frame: 302
3 246 21 20 69
Frame: 303
3 246 22 20 68
Frame: 304
3 246 22 20 68
Frame: 305
3 246 22 20 68
Frame: 306
3 246 22 20 68
Frame: 307
3 246 23 20 67
Frame: 308
3 245 23 21 67
Frame: 309
3 245 24 21 66
Frame: 310
3 245 24 21 66
Frame: 311
3 245 23 21 67
Frame: 312
3 245 23 21 67
Frame: 313
3 245 23 21 67
Frame: 314
3 245 23 21 67
Frame: 315
3 245 23 21 67
Frame: 316
3 245 23 21 67
Frame: 317
3 245 23 21 67
Frame: 318
3 245 23 21 67
Frame: 319
3 245 23 21 67
Frame: 320
3 245 23 20 66
Frame: 321
3 245 23 19 66
Frame: 322
3 245 23 19 66
Frame: 323
3 245 23 20 67
Frame: 324
3 245 22 21 68
Frame: 325
3 245 22 20 67
Frame: 326
3 245 22 20 68
Frame: 327
3 245 22 20 68
Frame: 328
3 245 22 20 68
Frame: 329
3 245 21 20 69
Frame: 330
3 244 21 21 69
Frame: 331
3 244 21 20 69
Frame: 332
3 244 20 20 70
Frame: 333
3 244 20 19 71
Frame: 334
3 244 20 20 70
Frame: 335
3 243 20 22 71
Frame: 336
3 243 21 22 69
Frame: 337
3 243 22 21 68
Frame: 338
3 243 22 21 68
Frame: 339
3 243 22 21 68
Frame: 340
3 242 22 22 68
Frame: 341
3 242 23 21 67
Frame: 342
3 242 22 21 69
Frame: 343
3 241 23 22 68
Frame: 344
3 241 23 22 68
Frame: 345
3 240 22 22 69
Frame: 346
3 240 22 22 69
Frame: 347
3 239 21 23 70
Frame: 348
3 239 20 23 71
Frame: 349
3 238 21 24 70
Frame: 350
3 238 21 23 69
Frame: 351
3 238 22 23 68
Frame: 352
3 238 22 23 68
Frame: 353
3 237 22 23 67
Frame: 354
3 237 22 23 67
Frame: 355
3 237 21 22 69
Frame: 356
3 237 22 21 69
Frame: 357
3 236 22 22 70
Frame: 358
3 236 22 21 70
Frame: 359
3 236 21 21 71
Frame: 360
3 235 21 22 71
Frame: 361
3 235 22 21 69
Frame: 362
3 234 22 22 69
Frame: 363
3 233 22 22 69
Frame: 364
3 233 22 22 70
Frame: 365
3 232 22 22 69
Frame: 366
3 232 22 22 69
Frame: 367
3 231 22 22 69
Frame: 368
3 231 22 21 69
Frame: 369
3 230 22 21 69
Frame: 370
3 230 22 21 69
Frame: 371
3 229 22 21 70
Frame: 372
3 229 22 21 69
Frame: 373
3 228 22 21 69
Frame: 374
3 227 22 23 69
Frame: 375
3 227 22 23 69
Frame: 376
3 227 21 22 71
Frame: 377
3 226 22 23 69
Frame: 378
3 226 23 22 69
Frame: 379
3 226 24 21 68
Frame: 380
3 225 23 21 70
Frame: 381
3 225 23 20 70
Frame: 382
3 224 23 21 70
Frame: 383
3 224 22 21 70
Frame: 384
3 223 22 22 70
Frame: 385
3 222 22 23 71
Frame: 386
3 221 23 23 70
Frame: 387
3 220 22 24 71
Frame: 388
3 220 22 24 70
Frame: 389
3 219 23 25 70
Frame: 390
3 217 24 27 70
Frame: 391
3 217 25 26 69
Frame: 392
3 216 26 27 68
Frame: 393
3 214 26 28 68
Frame: 394
3 213 27 28 67
Frame: 395
3 212 29 27 65
Frame: 396
3 209 27 26 67
Frame: 397
3 209 28 23 65
Frame: 398
3 208 29 22 65
Frame: 399
3 207 27 22 68
Frame: 400
3 206 28 22 67
Frame: 401
3 204 27 24 70
Frame: 402
3 202 27 25 71
Frame: 403
3 199 29 29 71
Frame: 404
3 195 31 32 71
Frame: 405
3 193 32 34 70
Frame: 406
3 192 32 29 71
Frame: 407
3 191 34 24 69
Frame: 408
3 190 34 21 69
Frame: 409
3 188 35 22 67
Frame: 410
3 184 35 24 66
Frame: 411
3 181 37 25 67
Frame: 412
3 177 36 27 69
Frame: 413
3 173 37 30 69
Frame: 414
3 172 38 30 68
Frame: 415
3 169 38 33 68
Frame: 416
3 166 39 34 66
Frame: 417
3 164 39 33 68
Frame: 418
3 164 41 30 70
Frame: 419
3 163 41 28 71
Frame: 420
3 162 41 27 68
Frame: 421
3 161 40 26 70
Frame: 422
3 161 40 23 70
Frame: 423
3 160 39 23 71
Frame: 424
3 155 40 27 70
Frame: 425
3 151 40 31 71
Frame: 426
3 148 41 34 71
Frame: 427
3 146 41 35 72
Frame: 428
3 145 43 32 70
Frame: 429
3 143 42 30 71
Frame: 430
3 142 42 28 70
Frame: 431
3 141 42 25 70
Frame: 432
3 140 43 23 70
Frame: 433
3 137 43 24 71
Frame: 434
3 134 43 26 70
Frame: 435
3 131 43 27 72
Frame: 436
3 128 44 29 71
Frame: 437
3 125 45 32 71
Frame: 438
3 122 46 34 72
Frame: 439
3 120 47 35 70
Frame: 440
3 117 47 35 71
Frame: 441
3 116 47 32 70
Frame: 442
3 116 49 28 67
Frame: 443
3 116 48 25 68
Frame: 444
3 115 47 24 70
Frame: 445
3 113 46 24 73
Frame: 446
3 109 47 26 74
Frame: 447
3 104 47 31 76
Frame: 448
3 100 49 34 74
Frame: 449
3 98 51 35 72
Frame: 450
3 97 51 34 74
Frame: 451
3 97 53 32 71
Frame: 452
3 96 52 30 72
Frame: 453
3 95 52 26 72
Frame: 454
3 93 52 24 71
Frame: 455
3 90 51 25 73
Frame: 456
3 87 52 25 73
Frame: 457
3 83 52 27 75
Frame: 458
3 79 53 30 73
Frame: 459
3 76 53 32 75
Frame: 460
3 73 54 35 74
Frame: 461
3 70 55 37 74
Frame: 462
3 68 55 38 75
Frame: 463
3 66 57 36 74
Frame: 464
3 64 57 34 73
Frame: 465
3 63 56 32 75
Frame: 466
3 64 56 28 74
Frame: 467
3 63 55 25 76
Frame: 468
3 62 56 24 76
Frame: 469
3 56 55 30 79
Frame: 470
3 51 56 34 79
Frame: 471
3 48 58 37 78
Frame: 472
3 47 58 37 79
Frame: 473
3 46 60 37 77
Frame: 474
3 45 60 36 78
Frame: 475
3 43 59 34 80
Frame: 476
3 42 60 31 79
Frame: 477
3 41 59 28 79
Frame: 478
3 38 59 27 78
Frame: 479
3 34 58 28 82
Frame: 480
3 31 59 28 83
Frame: 481
3 27 60 30 82
Frame: 482
3 24 60 33 84
Frame: 483
3 20 62 36 83
Frame: 484
3 17 64 37 81
Frame: 485
3 14 66 39 80
Frame: 486
3 10 66 38 79
Frame: 487
3 10 65 34 78
Frame: 488
3 10 67 31 76
Frame: 489
3 8 66 30 77
Frame: 490
3 9 66 28 78
Frame: 491
3 7 65 29 80
Frame: 492
3 4 65 31 79
Frame: 493
3 3 65 32 84
Frame: 494
Frame: 495
Frame: 496
Frame: 497
Frame: 498
Frame: 499
Frame: 500
Frame: 501
Frame: 502
Frame: 503
Frame: 504
Frame: 505
Frame: 506
Frame: 507
Frame: 508
Frame: 509
Frame: 510
Frame: 511
Frame: 512
Frame: 513
Frame: 514
Frame: 515
Frame: 516
Frame: 517
Frame: 518
Frame: 519
Frame: 520
Frame: 521
Frame: 522
Frame: 523
Frame: 524
Frame: 525
Frame: 526
Frame: 527
Frame: 528
Frame: 529
Frame: 530
Frame: 531
Frame: 532
Frame: 533
Frame: 534
Frame: 535
Frame: 536
