Frame: 0
1 1653 517 266 332 Car
1 406 112 179 131 Car
1 27 5 133 91 Car
4 186 212 497 461 Minitruck
Frame: 1
1 1 67 168 288 Car
3 298 169 645 688 Truck
4 0 25 168 330 Minitruck
Frame: 2
1 0 179 120 150 Car
1 760 735 485 225 Car
1 269 363 357 303 Car
Frame: 3
1 1 200 186 176 Car
4 317 273 552 625 Minitruck
Frame: 4
1 0 32 55 270 Car
3 95 81 847 782 Truck
Frame: 5
1 672 693 450 270 Car
1 587 188 236 159 Car
1 275 395 313 276 Car
1 1 218 172 175 Car
4 1436 407 432 317 Minitruck
Frame: 6
1 4 201 106 151 Car
1 146 370 195 213 Car
1 25 1 173 80 Car
4 332 246 558 633 Minitruck
Frame: 7
1 1 180 108 146 Car
1 124 0 195 153 Car
4 125 0 202 151 Minitruck
5 160 127 755 737 Bus
Frame: 8
1 56 313 230 194 Car
3 276 239 637 630 Truck
3 1581 84 338 801 Truck
4 1589 96 330 772 Minitruck
4 273 224 641 647 Minitruck
6 877 248 319 250 Minibus
Frame: 9
1 147 329 251 198 Car
4 316 337 524 529 Minitruck
