Frame: 0
Frame: 1
Frame: 2
Frame: 3
Frame: 4
Frame: 5
Frame: 6
Frame: 7
Frame: 8
Frame: 9
Frame: 10
Frame: 11
Frame: 12
Frame: 13
Frame: 14
Frame: 15
Frame: 16
1 432 90 47 36
Frame: 17
1 429 84 50 38
Frame: 18
1 422 82 57 37
Frame: 19
1 420 78 59 39
Frame: 20
1 413 74 66 41
Frame: 21
1 408 73 71 39
Frame: 22
1 404 69 71 41
Frame: 23
1 400 67 72 41
Frame: 24
1 394 65 71 41
Frame: 25
1 390 63 72 40
Frame: 26
1 388 62 69 40
Frame: 27
1 384 58 68 40
Frame: 28
1 380 58 70 39
Frame: 29
1 376 55 68 40
Frame: 30
1 372 53 69 41
Frame: 31
1 369 53 68 38
Frame: 32
1 363 51 69 39
Frame: 33
1 360 49 69 40
Frame: 34
1 358 48 67 39
Frame: 35
1 357 49 65 37
Frame: 36
1 353 47 66 39
Frame: 37
1 350 46 66 38
Frame: 38
1 346 45 68 38
Frame: 39
1 345 46 65 37
Frame: 40
1 343 46 65 36
Frame: 41
1 341 45 65 36
Frame: 42
1 340 44 64 37
Frame: 43
1 338 43 63 36
Frame: 44
1 335 42 63 37
Frame: 45
1 336 41 61 37
Frame: 46
1 332 40 64 37
Frame: 47
1 329 40 63 37
Frame: 48
1 328 39 64 37
Frame: 49
1 326 38 66 38
Frame: 50
1 326 38 62 37
Frame: 51
1 325 38 61 35
Frame: 52
1 323 37 62 36
Frame: 53
1 321 37 62 35
Frame: 54
1 318 36 63 36
Frame: 55
1 317 36 62 35
Frame: 56
1 317 36 60 35
Frame: 57
1 313 35 63 36
Frame: 58
1 313 34 61 37
Frame: 59
1 311 33 61 37
Frame: 60
1 308 33 62 35
Frame: 61
1 307 33 60 34
Frame: 62
1 305 32 62 35
Frame: 63
1 301 31 64 36
Frame: 64
1 300 30 63 36
Frame: 65
1 300 30 61 35
Frame: 66
1 298 29 61 35
Frame: 67
1 296 29 62 35
Frame: 68
1 294 29 60 34
Frame: 69
1 292 27 61 35
Frame: 70
1 291 27 60 35
Frame: 71
1 287 26 63 35
Frame: 72
1 288 25 60 35
Frame: 73
1 284 24 62 35
Frame: 74
1 282 23 62 35
Frame: 75
1 280 23 62 34
Frame: 76
1 280 22 58 35
Frame: 77
1 276 21 61 35
Frame: 78
1 275 20 61 36
Frame: 79
1 274 20 59 34
Frame: 80
1 271 20 60 34
Frame: 81
1 269 19 59 34
Frame: 82
1 267 18 60 34
Frame: 83
Frame: 84
Frame: 85
Frame: 86
Frame: 87
Frame: 88
Frame: 89
Frame: 90
Frame: 91
Frame: 92
Frame: 93
Frame: 94
Frame: 95
Frame: 96
Frame: 97
Frame: 98
Frame: 99
Frame: 100
Frame: 101
Frame: 102
Frame: 103
Frame: 104
Frame: 105
Frame: 106
Frame: 107
Frame: 108
Frame: 109
Frame: 110
Frame: 111
Frame: 112
Frame: 113
Frame: 114
Frame: 115
Frame: 116
Frame: 117
Frame: 118
Frame: 119
1 423 79 56 38
Frame: 120
1 411 73 65 35
Frame: 121
2 399 66 80 35
Frame: 122
2 385 60 88 35
Frame: 123
2 374 53 104 37
Frame: 124
2 360 49 109 34
Frame: 125
2 351 42 110 36
Frame: 126
2 338 38 119 35
Frame: 127
2 329 35 117 33
Frame: 128
2 318 30 115 34
Frame: 129
2 307 25 116 34
Frame: 130
2 298 23 113 32
Frame: 131
2 289 20 114 30
Frame: 132
2 283 14 110 33
Frame: 133
2 273 11 110 32
Frame: 134
2 267 9 108 31
Frame: 135
2 259 6 105 29
Frame: 136
2 254 3 104 29
Frame: 137
2 247 2 101 27
Frame: 138
2 241 0 100 25
Frame: 139
Frame: 140
Frame: 141
Frame: 142
Frame: 143
Frame: 144
Frame: 145
Frame: 146
Frame: 147
Frame: 148
Frame: 149
Frame: 150
Frame: 151
Frame: 152
Frame: 153
Frame: 154
Frame: 155
Frame: 156
Frame: 157
Frame: 158
Frame: 159
Frame: 160
Frame: 161
Frame: 162
Frame: 163
Frame: 164
Frame: 165
Frame: 166
Frame: 167
Frame: 168
Frame: 169
Frame: 170
Frame: 171
Frame: 172
Frame: 173
Frame: 174
Frame: 175
Frame: 176
Frame: 177
Frame: 178
Frame: 179
Frame: 180
Frame: 181
Frame: 182
Frame: 183
Frame: 184
Frame: 185
Frame: 186
Frame: 187
Frame: 188
Frame: 189
Frame: 190
1 425 77 54 44
Frame: 191
1 417 72 62 42
Frame: 192
1 407 67 71 46
Frame: 193
1 399 64 76 44
Frame: 194
1 391 61 77 45
Frame: 195
1 382 57 78 46
Frame: 196
1 375 54 76 44
Frame: 197
1 368 51 73 43
Frame: 198
1 359 48 74 43
Frame: 199
1 352 46 73 42
Frame: 200
1 346 42 73 43
Frame: 201
1 340 40 71 43
Frame: 202
1 334 38 71 41
Frame: 203
1 326 35 72 42
Frame: 204
1 321 32 71 42
Frame: 205
1 314 31 68 39
Frame: 206
1 309 29 71 39
Frame: 207
1 305 25 69 41
Frame: 208
1 299 24 68 39
Frame: 209
1 293 22 69 39
Frame: 210
1 291 21 66 39
Frame: 211
1 283 19 68 39
Frame: 212
1 280 18 67 38
Frame: 213
1 275 16 65 38
Frame: 214
1 269 16 65 37
Frame: 215
1 265 14 65 37
Frame: 216
1 261 13 64 37
Frame: 217
1 258 11 64 37
Frame: 218
1 253 10 64 37
Frame: 219
1 248 8 62 37
Frame: 220
1 246 7 61 36
Frame: 221
1 241 6 62 36
Frame: 222
1 238 5 61 36
Frame: 223
1 234 4 61 35
Frame: 224
1 230 4 60 34
Frame: 225
1 226 1 61 36
Frame: 226
1 222 1 60 35
Frame: 227
1 218 0 60 34
Frame: 228
1 214 0 61 33
Frame: 229
1 211 0 61 32
Frame: 230
1 206 0 61 30
Frame: 231
1 204 0 60 29
Frame: 232
1 203 0 55 28
Frame: 233
Frame: 234
1 193 0 60 25
2 194 0 60 25
Frame: 235
2 192 0 59 24
Frame: 236
2 189 0 58 21
Frame: 237
2 187 0 56 21
Frame: 238
Frame: 239
Frame: 240
1 256 87 63 33
2 252 80 138 37
Frame: 241
1 256 87 63 33
2 252 80 138 37
Frame: 242
1 256 87 63 32
2 252 80 137 37
Frame: 243
1 256 87 63 32
2 252 80 137 37
Frame: 244
1 256 87 62 32
2 253 81 134 37
Frame: 245
1 256 87 62 32
2 253 81 134 37
Frame: 246
1 256 87 62 32
2 253 81 134 37
Frame: 247
1 256 87 62 32
2 253 81 134 37
Frame: 248
1 256 87 62 32
2 253 81 134 37
Frame: 249
1 256 87 62 32
2 253 81 134 37
Frame: 250
1 256 87 62 32
2 253 81 135 37
Frame: 251
1 256 87 62 32
2 252 80 138 37
Frame: 252
1 256 87 62 32
2 252 80 138 37
Frame: 253
1 256 87 62 32
2 252 80 138 37
Frame: 254
1 256 87 62 32
2 252 80 138 37
Frame: 255
1 256 87 62 32
2 253 80 137 37
Frame: 256
1 256 87 63 32
2 253 81 137 36
Frame: 257
1 255 87 62 33
2 253 80 137 37
Frame: 258
1 256 87 61 33
2 253 81 137 36
Frame: 259
1 255 87 62 33
2 253 80 137 37
Frame: 260
1 255 87 62 33
2 253 81 136 36
Frame: 261
1 255 87 62 33
2 253 81 137 36
Frame: 262
1 255 87 62 33
2 252 81 138 36
Frame: 263
1 255 87 62 33
2 253 81 137 36
Frame: 264
1 256 87 62 32
2 253 81 137 36
Frame: 265
1 255 87 63 32
2 253 81 137 36
Frame: 266
2 253 81 136 36
Frame: 267
2 254 81 134 36
Frame: 268
2 254 81 134 35
Frame: 269
2 254 81 134 35
Frame: 270
2 254 81 134 36
Frame: 271
2 253 81 135 36
Frame: 272
2 253 81 135 35
Frame: 273
2 253 81 135 36
Frame: 274
2 253 81 136 36
Frame: 275
2 254 81 135 36
Frame: 276
2 254 81 135 36
Frame: 277
2 253 81 136 36
Frame: 278
2 253 81 136 36
Frame: 279
2 253 81 136 36
Frame: 280
2 253 81 136 36
Frame: 281
2 253 81 136 36
Frame: 282
2 253 81 136 36
Frame: 283
2 253 81 136 36
Frame: 284
2 253 81 136 36
Frame: 285
2 253 81 136 36
Frame: 286
2 253 81 136 36
Frame: 287
2 253 81 136 36
Frame: 288
2 253 81 136 36
Frame: 289
2 253 81 136 36
Frame: 290
2 253 81 136 36
Frame: 291
2 253 81 136 36
Frame: 292
2 253 81 136 36
Frame: 293
2 253 81 136 36
Frame: 294
2 253 81 136 36
Frame: 295
Frame: 296
Frame: 297
Frame: 298
Frame: 299
Frame: 300
1 430 97 49 40
Frame: 301
1 421 89 58 42
Frame: 302
1 409 85 68 40
Frame: 303
1 401 80 73 40
Frame: 304
1 392 75 73 39
Frame: 305
1 383 70 71 40
Frame: 306
1 372 66 73 39
Frame: 307
1 363 62 70 39
Frame: 308
1 354 57 71 40
Frame: 309
1 347 55 67 38
Frame: 310
1 339 51 68 37
Frame: 311
1 330 47 67 38
Frame: 312
1 323 43 66 38
Frame: 313
1 314 40 66 37
Frame: 314
1 308 37 63 35
Frame: 315
1 299 32 65 38
Frame: 316
1 292 30 64 36
Frame: 317
1 284 27 66 36
Frame: 318
1 277 24 63 35
Frame: 319
1 272 22 62 35
Frame: 320
1 265 20 60 34
Frame: 321
1 258 16 61 35
Frame: 322
1 253 14 58 34
Frame: 323
1 247 13 59 32
Frame: 324
1 241 10 59 33
Frame: 325
1 235 8 58 32
Frame: 326
1 230 6 57 32
Frame: 327
1 224 4 58 32
Frame: 328
1 218 2 58 31
Frame: 329
1 216 2 53 29
Frame: 330
1 210 0 55 30
Frame: 331
1 206 0 55 28
Frame: 332
1 201 0 56 27
Frame: 333
1 196 0 56 25
Frame: 334
1 194 0 52 23
Frame: 335
2 189 0 53 22
Frame: 336
2 184 0 54 20
Frame: 337
2 179 0 53 18
Frame: 338
Frame: 339
Frame: 340
2 175 0 41 10
Frame: 341
Frame: 342
Frame: 343
Frame: 344
Frame: 345
Frame: 346
Frame: 347
Frame: 348
Frame: 349
Frame: 350
Frame: 351
Frame: 352
1 418 126 61 39
Frame: 353
1 408 121 68 36
Frame: 354
1 400 115 74 38
Frame: 355
2 389 109 90 38
Frame: 356
2 380 103 98 40
Frame: 357
2 370 98 109 40
Frame: 358
2 363 94 111 37
Frame: 359
2 352 87 126 41
Frame: 360
2 346 82 132 38
Frame: 361
2 337 78 126 38
Frame: 362
2 329 72 129 39
Frame: 363
2 318 68 134 39
Frame: 364
2 312 64 129 39
Frame: 365
2 309 60 124 37
Frame: 366
2 296 56 127 39
Frame: 367
2 289 53 130 40
Frame: 368
2 284 51 126 36
Frame: 369
2 278 48 126 36
Frame: 370
2 272 44 119 36
Frame: 371
2 264 40 119 37
Frame: 372
2 259 38 120 34
Frame: 373
2 254 36 118 32
Frame: 374
2 247 33 120 32
Frame: 375
2 242 27 114 34
Frame: 376
2 234 25 115 33
Frame: 377
2 232 24 114 31
Frame: 378
2 226 21 113 29
Frame: 379
2 220 18 112 30
Frame: 380
2 215 14 110 31
Frame: 381
2 210 11 109 32
Frame: 382
2 206 11 107 29
Frame: 383
2 201 8 107 30
Frame: 384
2 196 5 107 31
Frame: 385
2 193 4 103 29
Frame: 386
2 185 3 108 28
Frame: 387
2 181 3 106 26
Frame: 388
2 177 0 101 26
Frame: 389
Frame: 390
Frame: 391
Frame: 392
Frame: 393
Frame: 394
Frame: 395
Frame: 396
Frame: 397
Frame: 398
Frame: 399
Frame: 400
Frame: 401
Frame: 402
Frame: 403
Frame: 404
Frame: 405
Frame: 406
Frame: 407
Frame: 408
Frame: 409
Frame: 410
Frame: 411
Frame: 412
Frame: 413
Frame: 414
Frame: 415
Frame: 416
Frame: 417
Frame: 418
1 264 35 60 30
Frame: 419
1 260 32 61 32
Frame: 420
1 255 30 60 32
Frame: 421
1 248 28 61 33
Frame: 422
1 246 27 59 30
Frame: 423
1 242 24 59 31
Frame: 424
1 237 22 59 29
Frame: 425
1 232 21 61 30
Frame: 426
1 229 19 58 30
Frame: 427
1 227 17 54 30
Frame: 428
1 222 16 55 28
Frame: 429
1 216 14 57 30
Frame: 430
1 212 13 59 31
Frame: 431
1 210 11 55 29
Frame: 432
1 207 10 53 29
Frame: 433
1 203 8 53 28
Frame: 434
1 197 7 56 29
Frame: 435
1 194 4 59 32
Frame: 436
1 190 4 57 30
Frame: 437
1 186 2 57 30
Frame: 438
1 186 2 51 27
Frame: 439
1 183 0 51 26
Frame: 440
1 178 0 54 26
Frame: 441
1 182 0 43 17
Frame: 442
Frame: 443
Frame: 444
Frame: 445
Frame: 446
Frame: 447
Frame: 448
Frame: 449
Frame: 450
Frame: 451
Frame: 452
Frame: 453
Frame: 454
Frame: 455
Frame: 456
Frame: 457
Frame: 458
Frame: 459
Frame: 460
2 182 88 103 28
Frame: 461
2 177 83 100 30
Frame: 462
2 169 78 104 31
Frame: 463
2 164 75 99 28
Frame: 464
2 157 73 101 28
Frame: 465
2 153 69 99 29
Frame: 466
2 148 67 95 28
Frame: 467
2 142 64 97 28
Frame: 468
2 138 61 93 26
Frame: 469
2 129 57 98 28
Frame: 470
2 127 53 95 29
Frame: 471
2 124 51 89 28
Frame: 472
2 118 49 91 26
Frame: 473
2 115 46 87 25
Frame: 474
2 110 43 87 26
Frame: 475
2 103 41 90 26
Frame: 476
2 101 38 87 25
Frame: 477
2 96 36 86 25
Frame: 478
2 91 35 87 26
Frame: 479
2 88 33 84 24
Frame: 480
2 86 31 81 24
Frame: 481
2 81 27 82 25
Frame: 482
2 77 26 84 25
Frame: 483
2 72 22 86 25
Frame: 484
2 68 20 81 25
Frame: 485
2 67 16 79 25
Frame: 486
2 63 13 79 24
Frame: 487
2 58 11 81 24
Frame: 488
2 58 9 72 22
Frame: 489
2 54 6 76 23
Frame: 490
2 50 4 79 23
Frame: 491
2 48 3 71 21
Frame: 492
2 44 2 73 20
Frame: 493
2 44 0 68 21
Frame: 494
Frame: 495
Frame: 496
Frame: 497
Frame: 498
Frame: 499
Frame: 500
Frame: 501
Frame: 502
Frame: 503
Frame: 504
Frame: 505
Frame: 506
Frame: 507
Frame: 508
Frame: 509
Frame: 510
Frame: 511
Frame: 512
Frame: 513
Frame: 514
Frame: 515
Frame: 516
Frame: 517
Frame: 518
Frame: 519
Frame: 520
Frame: 521
Frame: 522
Frame: 523
Frame: 524
Frame: 525
Frame: 526
Frame: 527
Frame: 528
Frame: 529
Frame: 530
Frame: 531
Frame: 532
Frame: 533
Frame: 534
Frame: 535
Frame: 536
Frame: 537
2 358 89 118 39
Frame: 538
2 340 83 132 39
Frame: 539
2 328 77 130 37
Frame: 540
2 319 70 127 37
Frame: 541
2 305 65 128 36
Frame: 542
2 294 58 124 37
Frame: 543
2 284 54 124 34
Frame: 544
2 274 48 122 35
Frame: 545
2 263 44 118 33
Frame: 546
2 255 39 118 33
Frame: 547
2 247 35 113 32
Frame: 548
2 236 29 113 32
Frame: 549
2 229 25 112 31
Frame: 550
2 220 22 111 30
Frame: 551
2 211 17 109 29
Frame: 552
2 204 13 106 30
Frame: 553
2 196 10 105 28
Frame: 554
2 189 4 104 30
Frame: 555
2 181 3 104 28
Frame: 556
2 176 0 101 25
Frame: 557
Frame: 558
Frame: 559
Frame: 560
2 154 0 50 10
Frame: 561
Frame: 562
Frame: 563
Frame: 564
Frame: 565
Frame: 566
Frame: 567
Frame: 568
Frame: 569
Frame: 570
Frame: 571
Frame: 572
Frame: 573
Frame: 574
Frame: 575
Frame: 576
Frame: 577
Frame: 578
Frame: 579
Frame: 580
Frame: 581
Frame: 582
Frame: 583
Frame: 584
Frame: 585
Frame: 586
Frame: 587
1 276 0 66 37
Frame: 588
1 271 0 67 34
Frame: 589
1 267 0 64 32
Frame: 590
1 261 0 63 30
Frame: 591
1 256 0 61 28
Frame: 592
Frame: 593
Frame: 594
2 241 0 61 23
Frame: 595
2 236 0 60 20
Frame: 596
2 233 0 59 20
Frame: 597
2 229 0 50 12
Frame: 598
2 230 0 50 10
Frame: 599
2 220 0 48 11
Frame: 600
Frame: 601
Frame: 602
Frame: 603
Frame: 604
Frame: 605
Frame: 606
Frame: 607
Frame: 608
Frame: 609
Frame: 610
Frame: 611
Frame: 612
Frame: 613
Frame: 614
Frame: 615
Frame: 616
Frame: 617
Frame: 618
Frame: 619
Frame: 620
Frame: 621
Frame: 622
Frame: 623
Frame: 624
Frame: 625
Frame: 626
Frame: 627
Frame: 628
Frame: 629
2 399 44 78 31
Frame: 630
2 390 42 89 31
Frame: 631
2 383 39 94 31
Frame: 632
2 375 37 101 31
Frame: 633
2 369 34 107 31
Frame: 634
2 360 30 108 33
Frame: 635
2 353 26 113 34
Frame: 636
2 347 25 112 33
Frame: 637
2 339 22 113 33
Frame: 638
2 330 20 115 32
Frame: 639
2 324 18 112 31
Frame: 640
2 319 14 109 33
Frame: 641
2 311 12 113 32
Frame: 642
2 304 10 111 32
Frame: 643
2 299 9 109 29
Frame: 644
2 293 6 108 31
Frame: 645
2 285 4 110 31
Frame: 646
2 279 3 112 29
Frame: 647
2 275 3 106 27
Frame: 648
2 268 0 102 27
Frame: 649
2 265 0 100 24
Frame: 650
Frame: 651
Frame: 652
Frame: 653
Frame: 654
Frame: 655
Frame: 656
Frame: 657
Frame: 658
Frame: 659
Frame: 660
Frame: 661
Frame: 662
Frame: 663
Frame: 664
Frame: 665
Frame: 666
Frame: 667
Frame: 668
Frame: 669
Frame: 670
Frame: 671
Frame: 672
Frame: 673
Frame: 674
Frame: 675
Frame: 676
Frame: 677
Frame: 678
Frame: 679
Frame: 680
Frame: 681
Frame: 682
Frame: 683
Frame: 684
Frame: 685
Frame: 686
Frame: 687
Frame: 688
Frame: 689
Frame: 690
Frame: 691
Frame: 692
Frame: 693
1 423 100 56 36
Frame: 694
1 412 93 63 35
Frame: 695
2 402 89 77 35
Frame: 696
2 390 82 88 35
Frame: 697
2 378 76 99 34
Frame: 698
2 367 70 111 34
Frame: 699
2 356 65 114 33
Frame: 700
2 346 59 115 34
Frame: 701
2 334 54 122 33
Frame: 702
2 326 50 118 33
Frame: 703
2 316 46 114 33
Frame: 704
2 305 41 117 33
Frame: 705
2 295 38 116 31
Frame: 706
2 285 34 115 31
Frame: 707
2 276 29 115 31
Frame: 708
2 270 26 109 30
Frame: 709
2 261 23 109 29
Frame: 710
2 253 19 107 29
Frame: 711
2 245 14 106 30
Frame: 712
2 238 11 104 29
Frame: 713
2 230 9 102 27
Frame: 714
2 224 5 102 27
Frame: 715
2 217 3 101 27
Frame: 716
2 211 0 99 25
Frame: 717
Frame: 718
Frame: 719
Frame: 720
Frame: 721
Frame: 722
Frame: 723
Frame: 724
Frame: 725
Frame: 726
Frame: 727
Frame: 728
Frame: 729
Frame: 730
Frame: 731
Frame: 732
Frame: 733
Frame: 734
Frame: 735
Frame: 736
Frame: 737
Frame: 738
Frame: 739
Frame: 740
Frame: 741
Frame: 742
Frame: 743
Frame: 744
Frame: 745
Frame: 746
Frame: 747
Frame: 748
Frame: 749
Frame: 750
Frame: 751
Frame: 752
Frame: 753
Frame: 754
Frame: 755
Frame: 756
Frame: 757
1 440 83 38 26
1 433 68 46 41
Frame: 758
1 425 64 54 41
Frame: 759
1 419 58 60 40
Frame: 760
1 406 55 71 40
Frame: 761
1 397 49 74 42
Frame: 762
1 387 47 73 40
Frame: 763
1 378 42 73 41
Frame: 764
1 369 39 72 39
Frame: 765
1 358 35 73 40
Frame: 766
1 351 32 70 39
Frame: 767
1 341 29 70 38
Frame: 768
1 336 26 66 36
Frame: 769
1 326 22 68 37
Frame: 770
1 317 18 67 37
Frame: 771
1 310 15 66 37
Frame: 772
1 302 11 67 38
Frame: 773
1 295 8 64 36
Frame: 774
1 289 6 62 35
Frame: 775
1 281 4 61 34
Frame: 776
1 273 1 63 35
Frame: 777
1 265 0 64 33
Frame: 778
1 259 0 63 30
Frame: 779
1 253 0 61 28
Frame: 780
1 247 0 59 24
Frame: 781
2 242 0 54 23
Frame: 782
1 244 0 46 16
2 237 0 54 21
Frame: 783
Frame: 784
Frame: 785
Frame: 786
Frame: 787
Frame: 788
Frame: 789
Frame: 790
Frame: 791
Frame: 792
Frame: 793
Frame: 794
Frame: 795
Frame: 796
Frame: 797
Frame: 798
Frame: 799
Frame: 800
Frame: 801
Frame: 802
Frame: 803
Frame: 804
Frame: 805
Frame: 806
Frame: 807
Frame: 808
Frame: 809
Frame: 810
Frame: 811
Frame: 812
Frame: 813
Frame: 814
Frame: 815
Frame: 816
Frame: 817
Frame: 818
Frame: 819
Frame: 820
Frame: 821
Frame: 822
Frame: 823
Frame: 824
Frame: 825
Frame: 826
Frame: 827
Frame: 828
Frame: 829
Frame: 830
Frame: 831
Frame: 832
Frame: 833
Frame: 834
Frame: 835
Frame: 836
Frame: 837
Frame: 838
Frame: 839
Frame: 840
Frame: 841
Frame: 842
Frame: 843
1 426 87 53 37
Frame: 844
1 421 84 58 38
Frame: 845
1 413 80 66 37
Frame: 846
2 408 75 71 37
Frame: 847
1 401 71 78 40
Frame: 848
2 394 69 83 38
Frame: 849
2 385 67 93 37
Frame: 850
2 379 63 98 39
Frame: 851
2 375 58 103 38
Frame: 852
2 369 55 107 39
Frame: 853
2 364 52 110 40
Frame: 854
2 357 51 109 37
Frame: 855
2 352 48 107 38
Frame: 856
2 344 43 111 39
Frame: 857
2 339 42 109 37
Frame: 858
2 336 39 104 38
Frame: 859
2 331 37 103 37
Frame: 860
2 323 35 106 37
Frame: 861
2 318 33 104 36
Frame: 862
2 311 29 109 37
Frame: 863
2 306 27 107 38
Frame: 864
2 305 25 101 36
Frame: 865
2 300 23 102 36
Frame: 866
2 296 22 99 34
Frame: 867
2 289 21 100 34
Frame: 868
2 286 19 101 34
Frame: 869
2 280 17 102 35
Frame: 870
2 276 17 99 33
Frame: 871
2 272 14 98 33
Frame: 872
2 269 11 97 34
Frame: 873
2 266 10 95 33
Frame: 874
2 261 9 96 32
Frame: 875
2 256 7 98 33
Frame: 876
2 253 6 94 33
Frame: 877
2 249 5 95 32
Frame: 878
2 246 4 94 32
Frame: 879
2 240 3 96 32
Frame: 880
2 238 2 94 29
Frame: 881
2 236 2 89 29
Frame: 882
2 232 0 91 28
Frame: 883
1 227 0 57 30
Frame: 884
Frame: 885
Frame: 886
Frame: 887
Frame: 888
Frame: 889
Frame: 890
Frame: 891
Frame: 892
Frame: 893
Frame: 894
Frame: 895
Frame: 896
Frame: 897
Frame: 898
Frame: 899
Frame: 900
Frame: 901
1 420 223 59 42
Frame: 902
1 408 212 70 47
Frame: 903
1 399 207 78 46
Frame: 904
1 390 198 82 46
Frame: 905
1 380 193 82 46
Frame: 906
1 370 188 82 45
Frame: 907
1 361 181 81 44
Frame: 908
1 350 175 81 45
Frame: 909
1 340 168 81 43
Frame: 910
1 332 163 79 44
Frame: 911
1 322 159 79 43
Frame: 912
1 313 153 78 42
Frame: 913
1 305 149 78 42
Frame: 914
1 296 144 77 42
Frame: 915
1 289 138 76 42
Frame: 916
1 283 134 72 40
Frame: 917
1 275 129 72 39
Frame: 918
1 267 124 72 40
Frame: 919
1 260 119 71 39
Frame: 920
1 255 115 68 39
Frame: 921
1 246 110 70 39
Frame: 922
1 239 106 70 38
Frame: 923
1 233 102 67 38
Frame: 924
1 226 97 68 39
Frame: 925
1 220 93 68 38
Frame: 926
1 214 91 66 37
Frame: 927
1 211 88 64 35
Frame: 928
1 204 85 63 36
Frame: 929
1 196 82 65 35
Frame: 930
1 191 79 65 36
Frame: 931
1 187 76 63 35
Frame: 932
1 181 74 63 34
Frame: 933
1 176 70 62 35
Frame: 934
1 172 69 60 32
Frame: 935
1 167 65 61 33
Frame: 936
1 162 63 60 33
Frame: 937
1 158 60 59 33
Frame: 938
1 153 57 59 33
Frame: 939
1 150 55 56 32
Frame: 940
1 145 53 57 31
Frame: 941
1 140 50 59 32
Frame: 942
1 138 48 55 31
Frame: 943
1 133 46 56 31
Frame: 944
1 128 45 56 30
Frame: 945
1 126 42 55 31
Frame: 946
1 122 40 53 30
Frame: 947
1 118 37 54 30
Frame: 948
1 115 34 52 30
Frame: 949
1 111 30 53 30
Frame: 950
1 108 28 52 29
Frame: 951
1 105 24 51 29
Frame: 952
1 322 86 81 48
Frame: 953
1 314 82 78 45
Frame: 954
1 308 79 76 43
Frame: 955
1 299 75 76 44
Frame: 956
1 291 72 77 43
Frame: 957
1 284 67 74 44
Frame: 958
1 277 64 73 41
Frame: 959
1 269 60 73 42
Frame: 960
1 262 57 73 41
Frame: 961
1 255 53 71 42
Frame: 962
1 250 50 69 39
Frame: 963
1 244 47 67 39
Frame: 964
1 236 43 69 39
Frame: 965
1 231 40 67 39
Frame: 966
1 227 37 65 37
Frame: 967
1 217 33 68 38
Frame: 968
1 212 31 66 37
Frame: 969
1 204 26 67 39
Frame: 970
1 201 24 63 38
Frame: 971
1 196 21 61 35
Frame: 972
1 189 18 63 36
Frame: 973
1 183 16 64 36
Frame: 974
1 179 14 63 36
Frame: 975
1 173 12 62 35
Frame: 976
1 170 10 59 35
Frame: 977
1 163 7 59 34
Frame: 978
1 157 5 60 35
Frame: 979
1 153 3 59 35
Frame: 980
1 149 2 57 32
Frame: 981
1 144 0 56 32
Frame: 982
1 139 0 61 31
Frame: 983
1 137 0 56 29
Frame: 984
Frame: 985
Frame: 986
Frame: 987
Frame: 988
Frame: 989
Frame: 990
Frame: 991
Frame: 992
Frame: 993
Frame: 994
Frame: 995
Frame: 996
Frame: 997
Frame: 998
Frame: 999
Frame: 1000
Frame: 1001
Frame: 1002
Frame: 1003
Frame: 1004
Frame: 1005
Frame: 1006
Frame: 1007
Frame: 1008
Frame: 1009
Frame: 1010
Frame: 1011
Frame: 1012
Frame: 1013
Frame: 1014
Frame: 1015
Frame: 1016
Frame: 1017
Frame: 1018
Frame: 1019
Frame: 1020
Frame: 1021
Frame: 1022
Frame: 1023
Frame: 1024
Frame: 1025
Frame: 1026
Frame: 1027
Frame: 1028
1 425 99 54 41
Frame: 1029
1 415 91 64 42
Frame: 1030
1 407 84 72 45
Frame: 1031
1 399 79 78 46
Frame: 1032
1 391 75 78 45
Frame: 1033
1 379 70 82 46
Frame: 1034
1 371 67 78 43
Frame: 1035
1 359 63 80 43
Frame: 1036
1 352 59 79 44
Frame: 1037
1 343 56 79 42
Frame: 1038
1 338 54 77 40
Frame: 1039
1 330 50 76 40
Frame: 1040
1 323 48 75 39
Frame: 1041
1 318 45 73 38
Frame: 1042
1 309 41 75 40
Frame: 1043
1 304 39 71 39
Frame: 1044
1 295 37 74 38
Frame: 1045
1 294 33 68 39
Frame: 1046
1 285 31 69 37
Frame: 1047
1 282 27 67 37
Frame: 1048
1 274 24 70 39
Frame: 1049
1 268 23 66 37
Frame: 1050
1 262 20 69 35
Frame: 1051
1 256 16 69 39
Frame: 1052
1 253 16 67 37
Frame: 1053
1 249 13 63 35
Frame: 1054
1 242 9 68 38
Frame: 1055
1 239 9 62 34
Frame: 1056
1 233 5 67 36
Frame: 1057
1 229 3 65 35
Frame: 1058
1 225 2 62 33
Frame: 1059
1 223 1 59 32
Frame: 1060
1 218 0 61 32
Frame: 1061
1 215 0 60 29
Frame: 1062
Frame: 1063
Frame: 1064
Frame: 1065
Frame: 1066
Frame: 1067
Frame: 1068
Frame: 1069
Frame: 1070
Frame: 1071
Frame: 1072
Frame: 1073
Frame: 1074
Frame: 1075
2 177 0 43 10
Frame: 1076
Frame: 1077
Frame: 1078
Frame: 1079
Frame: 1080
Frame: 1081
Frame: 1082
Frame: 1083
Frame: 1084
Frame: 1085
Frame: 1086
Frame: 1087
Frame: 1088
Frame: 1089
Frame: 1090
Frame: 1091
Frame: 1092
Frame: 1093
Frame: 1094
Frame: 1095
2 409 124 39 12
Frame: 1096
Frame: 1097
Frame: 1098
Frame: 1099
Frame: 1100
1 442 94 34 23
Frame: 1101
1 432 77 47 39
Frame: 1102
1 427 74 52 38
Frame: 1103
1 419 70 60 39
Frame: 1104
1 413 65 65 40
Frame: 1105
1 404 64 68 37
Frame: 1106
1 396 58 70 38
Frame: 1107
1 389 55 68 40
Frame: 1108
1 379 52 70 38
Frame: 1109
1 374 49 69 39
Frame: 1110
1 366 46 66 37
Frame: 1111
1 361 42 68 38
Frame: 1112
1 353 40 64 36
Frame: 1113
1 351 36 60 34
Frame: 1114
1 340 33 65 35
Frame: 1115
1 335 32 62 34
Frame: 1116
1 328 27 63 36
Frame: 1117
1 323 24 62 36
Frame: 1118
1 317 23 61 33
Frame: 1119
1 310 21 60 32
Frame: 1120
1 303 18 61 34
Frame: 1121
1 296 17 64 32
Frame: 1122
1 294 14 56 31
Frame: 1123
1 285 12 62 31
Frame: 1124
1 279 9 59 31
Frame: 1125
1 275 7 57 32
Frame: 1126
1 270 3 56 32
Frame: 1127
1 264 2 57 31
Frame: 1128
1 258 1 57 30
Frame: 1129
Frame: 1130
Frame: 1131
Frame: 1132
Frame: 1133
Frame: 1134
Frame: 1135
Frame: 1136
Frame: 1137
Frame: 1138
Frame: 1139
Frame: 1140
Frame: 1141
Frame: 1142
Frame: 1143
Frame: 1144
Frame: 1145
Frame: 1146
Frame: 1147
Frame: 1148
Frame: 1149
Frame: 1150
Frame: 1151
Frame: 1152
Frame: 1153
Frame: 1154
Frame: 1155
Frame: 1156
Frame: 1157
Frame: 1158
Frame: 1159
1 278 41 66 39
Frame: 1160
1 270 39 66 36
Frame: 1161
1 265 35 64 35
Frame: 1162
1 257 31 67 36
Frame: 1163
1 252 28 64 36
Frame: 1164
1 245 24 63 36
Frame: 1165
1 240 23 61 33
Frame: 1166
1 233 21 62 33
Frame: 1167
1 228 17 64 35
Frame: 1168
1 222 15 61 34
Frame: 1169
1 216 12 62 35
Frame: 1170
1 213 11 59 33
Frame: 1171
1 207 8 59 34
Frame: 1172
1 201 7 60 33
Frame: 1173
1 198 5 58 34
Frame: 1174
1 192 4 61 32
Frame: 1175
1 190 2 58 32
Frame: 1176
1 185 1 58 32
Frame: 1177
1 182 0 56 30
Frame: 1178
Frame: 1179
1 174 0 58 27
Frame: 1180
Frame: 1181
Frame: 1182
Frame: 1183
Frame: 1184
Frame: 1185
Frame: 1186
Frame: 1187
Frame: 1188
Frame: 1189
Frame: 1190
Frame: 1191
Frame: 1192
Frame: 1193
Frame: 1194
Frame: 1195
Frame: 1196
1 401 211 78 48
Frame: 1197
1 395 206 81 50
Frame: 1198
1 384 196 86 56
Frame: 1199
1 375 190 88 58
Frame: 1200
1 367 190 83 49
Frame: 1201
1 356 184 84 51
Frame: 1202
1 349 178 84 48
Frame: 1203
1 340 173 82 49
Frame: 1204
1 331 168 82 50
Frame: 1205
1 323 161 81 48
Frame: 1206
1 315 158 79 46
Frame: 1207
1 306 152 79 48
Frame: 1208
1 295 146 79 46
Frame: 1209
1 288 142 78 45
Frame: 1210
1 279 137 76 45
Frame: 1211
1 272 131 76 45
Frame: 1212
1 264 127 74 44
Frame: 1213
1 256 123 74 43
Frame: 1214
1 247 117 73 44
Frame: 1215
1 241 112 72 42
Frame: 1216
1 232 108 72 41
Frame: 1217
1 225 103 70 41
Frame: 1218
1 215 97 72 42
Frame: 1219
1 209 93 68 41
Frame: 1220
1 202 88 69 42
Frame: 1221
1 194 85 69 39
Frame: 1222
1 186 81 68 40
Frame: 1223
1 181 79 65 37
Frame: 1224
1 173 74 66 39
Frame: 1225
1 167 70 64 38
Frame: 1226
1 161 68 62 36
Frame: 1227
1 154 64 62 37
Frame: 1228
1 148 61 60 36
Frame: 1229
1 140 57 62 37
Frame: 1230
1 133 55 60 35
Frame: 1231
1 128 51 59 36
Frame: 1232
1 123 49 59 35
Frame: 1233
1 117 46 58 35
Frame: 1234
1 111 42 58 35
Frame: 1235
1 106 41 55 33
Frame: 1236
1 100 38 57 33
Frame: 1237
1 94 35 57 33
Frame: 1238
1 91 33 53 32
Frame: 1239
1 85 30 54 32
Frame: 1240
1 80 26 55 32
Frame: 1241
1 76 22 52 32
Frame: 1242
1 71 18 52 32
Frame: 1243
1 65 15 53 31
Frame: 1244
1 61 11 51 30
Frame: 1245
1 56 7 50 30
Frame: 1246
1 52 4 50 29
Frame: 1247
1 49 1 47 28
Frame: 1248
1 44 0 49 27
Frame: 1249
1 41 0 45 23
Frame: 1250
1 36 0 47 21
Frame: 1251
Frame: 1252
2 32 0 40 10
Frame: 1253
Frame: 1254
Frame: 1255
Frame: 1256
Frame: 1257
1 358 84 70 38
Frame: 1258
1 351 81 68 37
Frame: 1259
1 342 77 69 38
Frame: 1260
1 334 72 70 40
Frame: 1261
1 326 70 68 38
Frame: 1262
1 318 67 69 38
Frame: 1263
1 311 65 65 36
Frame: 1264
1 305 62 65 38
Frame: 1265
1 296 59 67 37
Frame: 1266
1 291 56 64 37
Frame: 1267
1 284 55 65 35
Frame: 1268
1 279 53 63 34
Frame: 1269
1 269 50 65 37
Frame: 1270
1 263 48 66 35
Frame: 1271
1 259 46 62 35
Frame: 1272
1 252 44 63 34
Frame: 1273
1 246 41 63 35
Frame: 1274
1 241 40 62 33
Frame: 1275
1 236 38 60 33
Frame: 1276
1 229 36 61 34
Frame: 1277
1 222 34 63 34
Frame: 1278
1 219 33 61 33
Frame: 1279
1 214 32 59 32
Frame: 1280
1 208 29 61 34
Frame: 1281
1 204 27 59 33
Frame: 1282
1 199 25 60 33
Frame: 1283
1 195 25 58 31
Frame: 1284
1 191 22 57 32
Frame: 1285
1 187 20 57 32
Frame: 1286
1 182 18 58 32
Frame: 1287
1 178 18 56 31
Frame: 1288
1 173 16 56 31
Frame: 1289
1 169 14 55 31
Frame: 1290
1 165 13 57 30
Frame: 1291
1 159 11 57 31
Frame: 1292
1 157 10 54 30
Frame: 1293
1 153 9 55 30
Frame: 1294
1 149 8 54 29
Frame: 1295
1 145 6 53 30
Frame: 1296
1 141 6 54 29
Frame: 1297
1 137 4 56 30
Frame: 1298
1 135 2 53 30
Frame: 1299
1 131 2 52 29
Frame: 1300
1 128 1 51 27
Frame: 1301
1 124 0 54 25
Frame: 1302
1 121 0 53 23
Frame: 1303
1 123 0 40 15
Frame: 1304
Frame: 1305
Frame: 1306
Frame: 1307
Frame: 1308
Frame: 1309
Frame: 1310
Frame: 1311
Frame: 1312
Frame: 1313
Frame: 1314
Frame: 1315
Frame: 1316
Frame: 1317
Frame: 1318
Frame: 1319
Frame: 1320
1 175 15 59 35
Frame: 1321
1 169 14 60 34
Frame: 1322
1 163 11 60 34
Frame: 1323
1 159 9 58 33
Frame: 1324
1 152 6 60 34
Frame: 1325
1 149 4 56 32
Frame: 1326
1 144 2 55 32
Frame: 1327
1 139 1 54 30
Frame: 1328
1 134 0 56 28
Frame: 1329
1 129 0 55 25
Frame: 1330
1 126 0 52 23
Frame: 1331
2 122 0 49 20
Frame: 1332
1 119 0 44 14
Frame: 1333
Frame: 1334
Frame: 1335
Frame: 1336
Frame: 1337
Frame: 1338
Frame: 1339
Frame: 1340
Frame: 1341
Frame: 1342
Frame: 1343
Frame: 1344
Frame: 1345
Frame: 1346
Frame: 1347
Frame: 1348
Frame: 1349
Frame: 1350
Frame: 1351
Frame: 1352
Frame: 1353
Frame: 1354
Frame: 1355
Frame: 1356
Frame: 1357
Frame: 1358
Frame: 1359
Frame: 1360
Frame: 1361
Frame: 1362
Frame: 1363
Frame: 1364
Frame: 1365
Frame: 1366
Frame: 1367
Frame: 1368
Frame: 1369
Frame: 1370
Frame: 1371
Frame: 1372
Frame: 1373
Frame: 1374
Frame: 1375
Frame: 1376
Frame: 1377
Frame: 1378
Frame: 1379
Frame: 1380
Frame: 1381
Frame: 1382
Frame: 1383
Frame: 1384
Frame: 1385
Frame: 1386
Frame: 1387
Frame: 1388
Frame: 1389
Frame: 1390
Frame: 1391
Frame: 1392
Frame: 1393
1 418 172 61 52
Frame: 1394
1 403 163 76 58
Frame: 1395
1 395 155 84 60
Frame: 1396
1 388 150 91 58
Frame: 1397
1 377 143 97 59
Frame: 1398
1 364 138 99 58
Frame: 1399
1 358 134 94 56
Frame: 1400
1 346 128 96 56
Frame: 1401
1 338 122 93 55
Frame: 1402
1 329 120 91 52
Frame: 1403
1 317 112 94 55
Frame: 1404
1 312 106 88 54
Frame: 1405
1 302 104 87 50
Frame: 1406
1 295 98 86 49
Frame: 1407
1 286 93 86 50
Frame: 1408
1 279 88 85 50
Frame: 1409
1 270 83 85 49
Frame: 1410
1 265 80 80 46
Frame: 1411
1 257 75 82 47
Frame: 1412
1 250 72 82 45
Frame: 1413
1 245 67 78 45
Frame: 1414
1 239 63 77 44
Frame: 1415
1 230 60 80 45
Frame: 1416
1 223 58 79 43
Frame: 1417
1 219 55 76 41
Frame: 1418
1 213 51 74 42
Frame: 1419
1 206 47 75 42
Frame: 1420
1 201 45 76 42
Frame: 1421
1 197 42 70 39
Frame: 1422
1 191 39 71 39
Frame: 1423
1 184 35 72 41
Frame: 1424
1 180 32 70 39
Frame: 1425
1 173 28 71 39
Frame: 1426
1 169 25 69 39
Frame: 1427
1 164 23 70 39
Frame: 1428
1 161 18 66 37
Frame: 1429
1 155 15 66 39
Frame: 1430
1 150 12 68 33
Frame: 1431
1 147 9 66 37
Frame: 1432
1 143 7 63 36
Frame: 1433
1 139 4 65 36
Frame: 1434
1 136 2 63 35
Frame: 1435
1 131 1 64 33
Frame: 1436
1 129 0 61 32
Frame: 1437
1 125 0 60 32
Frame: 1438
Frame: 1439
Frame: 1440
Frame: 1441
Frame: 1442
Frame: 1443
Frame: 1444
Frame: 1445
1 297 23 77 42
Frame: 1446
1 295 22 74 42
Frame: 1447
1 290 20 75 42
Frame: 1448
1 287 18 73 40
Frame: 1449
1 282 15 75 42
Frame: 1450
1 279 15 73 40
Frame: 1451
1 276 14 72 38
Frame: 1452
1 272 12 71 38
Frame: 1453
1 268 10 72 39
Frame: 1454
1 265 8 70 39
Frame: 1455
1 262 7 71 38
Frame: 1456
1 260 6 69 37
Frame: 1457
1 257 4 69 37
Frame: 1458
1 250 3 70 38
Frame: 1459
1 247 1 69 38
Frame: 1460
1 243 0 68 37
Frame: 1461
1 241 0 67 36
Frame: 1462
1 237 0 69 33
Frame: 1463
1 232 0 72 32
Frame: 1464
1 230 0 65 30
Frame: 1465
Frame: 1466
Frame: 1467
Frame: 1468
Frame: 1469
Frame: 1470
Frame: 1471
Frame: 1472
Frame: 1473
Frame: 1474
Frame: 1475
Frame: 1476
Frame: 1477
Frame: 1478
Frame: 1479
Frame: 1480
Frame: 1481
Frame: 1482
Frame: 1483
1 115 42 51 27
Frame: 1484
1 110 39 52 28
Frame: 1485
1 107 37 51 28
Frame: 1486
1 104 35 48 27
Frame: 1487
1 100 32 49 27
Frame: 1488
1 96 30 47 26
Frame: 1489
1 94 26 48 27
Frame: 1490
1 89 23 48 26
Frame: 1491
1 86 20 48 25
Frame: 1492
1 82 16 47 26
Frame: 1493
1 80 13 46 25
Frame: 1494
1 75 9 45 26
Frame: 1495
1 71 7 46 25
Frame: 1496
1 69 4 44 24
Frame: 1497
1 65 2 43 23
Frame: 1498
1 62 0 43 23
Frame: 1499
1 62 0 39 19
Frame: 1500
1 58 0 38 14
Frame: 1501
2 55 0 39 12
Frame: 1502
Frame: 1503
Frame: 1504
Frame: 1505
Frame: 1506
Frame: 1507
Frame: 1508
Frame: 1509
Frame: 1510
Frame: 1511
Frame: 1512
Frame: 1513
Frame: 1514
Frame: 1515
Frame: 1516
Frame: 1517
1 416 115 63 34
Frame: 1518
2 407 110 67 31
Frame: 1519
2 396 103 80 32
Frame: 1520
2 385 96 89 33
Frame: 1521
2 374 89 102 33
Frame: 1522
2 365 84 112 31
Frame: 1523
2 355 79 113 31
Frame: 1524
2 345 74 116 29
Frame: 1525
2 335 68 120 31
Frame: 1526
2 324 65 118 30
Frame: 1527
2 316 59 115 31
Frame: 1528
2 307 55 114 30
Frame: 1529
2 300 51 110 30
Frame: 1530
2 291 47 112 30
Frame: 1531
2 284 43 108 28
Frame: 1532
2 274 40 110 28
Frame: 1533
2 267 35 107 29
Frame: 1534
2 260 31 105 28
Frame: 1535
2 253 28 104 27
Frame: 1536
2 247 25 102 26
Frame: 1537
2 240 20 102 27
Frame: 1538
2 234 17 100 26
Frame: 1539
2 226 13 99 27
Frame: 1540
2 221 11 97 25
Frame: 1541
2 215 7 94 25
Frame: 1542
2 208 4 96 26
Frame: 1543
2 201 0 96 28
Frame: 1544
2 195 0 97 23
Frame: 1545
Frame: 1546
Frame: 1547
Frame: 1548
Frame: 1549
Frame: 1550
Frame: 1551
Frame: 1552
Frame: 1553
Frame: 1554
Frame: 1555
Frame: 1556
Frame: 1557
Frame: 1558
Frame: 1559
Frame: 1560
Frame: 1561
Frame: 1562
Frame: 1563
Frame: 1564
Frame: 1565
Frame: 1566
Frame: 1567
Frame: 1568
Frame: 1569
Frame: 1570
Frame: 1571
Frame: 1572
1 424 93 55 44
Frame: 1573
1 406 82 73 48
Frame: 1574
1 391 74 86 49
Frame: 1575
1 376 66 85 47
Frame: 1576
1 363 60 82 46
Frame: 1577
1 346 54 84 45
Frame: 1578
1 334 47 80 45
Frame: 1579
1 321 42 80 44
Frame: 1580
1 310 36 77 42
Frame: 1581
1 298 31 75 41
Frame: 1582
1 287 25 73 41
Frame: 1583
1 274 22 74 40
Frame: 1584
1 264 16 72 39
Frame: 1585
1 254 13 72 39
Frame: 1586
1 243 8 71 38
Frame: 1587
1 235 4 68 38
Frame: 1588
1 227 1 67 38
Frame: 1589
1 216 0 68 35
Frame: 1590
1 208 0 67 31
Frame: 1591
Frame: 1592
Frame: 1593
Frame: 1594
Frame: 1595
Frame: 1596
Frame: 1597
Frame: 1598
Frame: 1599
Frame: 1600
Frame: 1601
Frame: 1602
Frame: 1603
Frame: 1604
Frame: 1605
Frame: 1606
Frame: 1607
Frame: 1608
Frame: 1609
Frame: 1610
Frame: 1611
Frame: 1612
Frame: 1613
Frame: 1614
Frame: 1615
Frame: 1616
Frame: 1617
Frame: 1618
Frame: 1619
Frame: 1620
Frame: 1621
Frame: 1622
Frame: 1623
Frame: 1624
Frame: 1625
Frame: 1626
Frame: 1627
Frame: 1628
Frame: 1629
Frame: 1630
Frame: 1631
Frame: 1632
Frame: 1633
Frame: 1634
Frame: 1635
Frame: 1636
Frame: 1637
Frame: 1638
Frame: 1639
Frame: 1640
Frame: 1641
Frame: 1642
Frame: 1643
Frame: 1644
Frame: 1645
Frame: 1646
Frame: 1647
Frame: 1648
Frame: 1649
Frame: 1650
Frame: 1651
Frame: 1652
Frame: 1653
Frame: 1654
Frame: 1655
Frame: 1656
Frame: 1657
Frame: 1658
Frame: 1659
Frame: 1660
Frame: 1661
Frame: 1662
Frame: 1663
Frame: 1664
Frame: 1665
Frame: 1666
1 427 179 52 39
Frame: 1667
1 425 169 54 42
Frame: 1668
1 416 167 63 42
Frame: 1669
1 411 163 68 42
Frame: 1670
1 407 160 72 43
Frame: 1671
1 398 156 79 44
Frame: 1672
1 393 151 86 44
Frame: 1673
2 388 148 90 45
Frame: 1674
2 382 146 95 44
Frame: 1675
2 376 145 101 43
Frame: 1676
2 370 142 106 44
Frame: 1677
2 368 137 109 44
Frame: 1678
2 362 133 116 45
Frame: 1679
2 341 26 118 34
Frame: 1680
2 333 23 122 34
Frame: 1681
2 328 22 120 32
Frame: 1682
2 324 19 118 35
Frame: 1683
2 317 19 120 31
Frame: 1684
2 314 15 113 32
Frame: 1685
2 308 13 114 32
Frame: 1686
2 301 11 115 31
Frame: 1687
2 296 8 115 31
Frame: 1688
2 290 7 113 30
Frame: 1689
2 285 4 115 31
Frame: 1690
2 281 4 110 28
Frame: 1691
2 275 2 113 29
Frame: 1692
2 277 0 101 29
Frame: 1693
2 268 0 101 28
Frame: 1694
2 265 0 99 24
Frame: 1695
Frame: 1696
Frame: 1697
Frame: 1698
Frame: 1699
Frame: 1700
Frame: 1701
Frame: 1702
Frame: 1703
Frame: 1704
Frame: 1705
Frame: 1706
Frame: 1707
Frame: 1708
Frame: 1709
Frame: 1710
Frame: 1711
Frame: 1712
Frame: 1713
Frame: 1714
Frame: 1715
Frame: 1716
Frame: 1717
Frame: 1718
Frame: 1719
Frame: 1720
Frame: 1721
Frame: 1722
Frame: 1723
Frame: 1724
Frame: 1725
Frame: 1726
Frame: 1727
Frame: 1728
Frame: 1729
Frame: 1730
Frame: 1731
Frame: 1732
Frame: 1733
Frame: 1734
Frame: 1735
Frame: 1736
Frame: 1737
Frame: 1738
1 272 17 71 38
Frame: 1739
1 261 13 72 37
Frame: 1740
1 251 7 71 41
Frame: 1741
1 244 4 69 37
Frame: 1742
1 235 1 67 38
Frame: 1743
1 225 0 65 35
Frame: 1744
1 216 0 70 31
Frame: 1745
Frame: 1746
Frame: 1747
Frame: 1748
Frame: 1749
Frame: 1750
Frame: 1751
Frame: 1752
Frame: 1753
Frame: 1754
Frame: 1755
Frame: 1756
Frame: 1757
Frame: 1758
Frame: 1759
Frame: 1760
Frame: 1761
Frame: 1762
Frame: 1763
Frame: 1764
Frame: 1765
Frame: 1766
Frame: 1767
Frame: 1768
Frame: 1769
Frame: 1770
Frame: 1771
Frame: 1772
Frame: 1773
Frame: 1774
Frame: 1775
Frame: 1776
Frame: 1777
Frame: 1778
Frame: 1779
Frame: 1780
Frame: 1781
Frame: 1782
Frame: 1783
Frame: 1784
Frame: 1785
Frame: 1786
Frame: 1787
Frame: 1788
Frame: 1789
Frame: 1790
Frame: 1791
Frame: 1792
Frame: 1793
Frame: 1794
Frame: 1795
Frame: 1796
Frame: 1797
Frame: 1798
Frame: 1799
Frame: 1800
Frame: 1801
Frame: 1802
Frame: 1803
Frame: 1804
Frame: 1805
Frame: 1806
Frame: 1807
Frame: 1808
Frame: 1809
Frame: 1810
Frame: 1811
Frame: 1812
Frame: 1813
Frame: 1814
Frame: 1815
Frame: 1816
Frame: 1817
Frame: 1818
Frame: 1819
1 425 214 54 40
Frame: 1820
1 416 208 63 44
Frame: 1821
1 408 203 71 47
Frame: 1822
1 400 194 78 47
Frame: 1823
1 394 191 80 46
Frame: 1824
1 385 186 81 48
Frame: 1825
1 377 180 80 44
Frame: 1826
1 368 175 80 47
Frame: 1827
1 363 172 78 46
Frame: 1828
1 351 165 81 45
Frame: 1829
1 346 162 78 44
Frame: 1830
1 338 158 78 44
Frame: 1831
1 330 154 76 45
Frame: 1832
1 324 150 76 43
Frame: 1833
1 318 146 73 43
Frame: 1834
1 310 143 75 42
Frame: 1835
1 305 139 73 43
Frame: 1836
1 298 136 73 41
Frame: 1837
1 292 132 71 41
Frame: 1838
1 287 128 70 42
Frame: 1839
1 279 126 72 40
Frame: 1840
1 273 122 69 40
Frame: 1841
1 267 119 69 39
Frame: 1842
1 263 115 68 38
Frame: 1843
1 258 111 68 39
Frame: 1844
1 250 109 69 39
Frame: 1845
1 247 106 66 39
Frame: 1846
1 240 102 68 40
Frame: 1847
1 234 99 68 39
Frame: 1848
1 229 96 67 38
Frame: 1849
1 224 93 67 38
Frame: 1850
1 219 89 68 40
Frame: 1851
1 215 88 64 37
Frame: 1852
1 212 85 62 35
Frame: 1853
1 205 80 66 39
Frame: 1854
1 199 79 65 38
Frame: 1855
1 196 77 63 37
Frame: 1856
1 192 74 62 37
Frame: 1857
1 187 72 62 36
Frame: 1858
1 183 71 63 36
Frame: 1859
1 179 69 61 35
Frame: 1860
1 175 66 62 36
Frame: 1861
1 172 65 60 34
Frame: 1862
1 167 63 59 34
Frame: 1863
1 164 61 58 33
Frame: 1864
1 159 58 59 35
Frame: 1865
1 155 57 58 33
Frame: 1866
1 151 54 59 34
Frame: 1867
1 148 52 57 34
Frame: 1868
1 143 50 59 34
Frame: 1869
2 266 166 118 39
Frame: 1870
2 256 162 119 38
Frame: 1871
2 246 154 116 38
Frame: 1872
2 237 149 117 37
Frame: 1873
2 230 145 115 38
Frame: 1874
2 220 138 114 37
Frame: 1875
2 212 134 113 35
Frame: 1876
2 204 129 112 36
Frame: 1877
2 195 124 112 35
Frame: 1878
2 190 120 109 32
Frame: 1879
2 181 115 108 33
Frame: 1880
2 175 110 105 32
Frame: 1881
2 169 105 103 31
Frame: 1882
2 160 101 104 32
Frame: 1883
2 151 95 106 32
Frame: 1884
2 148 90 100 31
Frame: 1885
2 141 88 99 30
Frame: 1886
2 135 84 96 30
Frame: 1887
2 130 81 95 29
Frame: 1888
2 122 76 96 30
Frame: 1889
2 115 73 96 28
Frame: 1890
2 109 69 95 29
Frame: 1891
2 104 66 92 28
Frame: 1892
2 100 63 90 28
Frame: 1893
2 94 59 89 26
Frame: 1894
2 88 56 89 27
Frame: 1895
2 83 52 88 27
Frame: 1896
2 77 51 87 26
Frame: 1897
2 73 48 84 25
Frame: 1898
2 68 44 84 25
Frame: 1899
2 62 42 86 26
Frame: 1900
2 60 39 83 25
Frame: 1901
2 52 37 82 25
Frame: 1902
2 49 34 80 25
Frame: 1903
Frame: 1904
Frame: 1905
Frame: 1906
Frame: 1907
Frame: 1908
Frame: 1909
Frame: 1910
Frame: 1911
Frame: 1912
Frame: 1913
Frame: 1914
Frame: 1915
Frame: 1916
Frame: 1917
Frame: 1918
Frame: 1919
Frame: 1920
Frame: 1921
Frame: 1922
Frame: 1923
Frame: 1924
Frame: 1925
Frame: 1926
Frame: 1927
Frame: 1928
Frame: 1929
Frame: 1930
Frame: 1931
Frame: 1932
1 421 153 58 41
Frame: 1933
1 408 146 71 44
Frame: 1934
1 398 140 79 42
Frame: 1935
2 386 133 90 43
Frame: 1936
2 377 126 102 43
Frame: 1937
2 366 120 113 43
Frame: 1938
2 355 115 124 43
Frame: 1939
2 346 109 128 41
Frame: 1940
2 335 102 130 43
Frame: 1941
2 327 98 132 42
Frame: 1942
2 315 93 131 40
Frame: 1943
2 304 87 133 42
Frame: 1944
2 295 84 130 41
Frame: 1945
2 290 79 126 40
Frame: 1946
2 283 75 123 39
Frame: 1947
2 271 70 125 39
Frame: 1948
2 266 67 119 39
Frame: 1949
2 258 63 118 37
Frame: 1950
2 250 58 118 38
Frame: 1951
2 243 55 117 37
Frame: 1952
2 237 51 113 36
Frame: 1953
2 231 48 112 34
Frame: 1954
2 225 44 111 34
Frame: 1955
2 218 40 111 35
Frame: 1956
2 210 38 108 33
Frame: 1957
2 206 34 105 33
Frame: 1958
2 199 32 107 32
Frame: 1959
2 194 28 105 32
Frame: 1960
2 189 25 105 32
Frame: 1961
2 183 22 103 31
Frame: 1962
2 176 20 102 31
Frame: 1963
2 172 17 104 31
Frame: 1964
2 169 15 98 30
Frame: 1965
2 162 13 99 31
Frame: 1966
2 158 10 100 31
Frame: 1967
2 153 10 96 28
Frame: 1968
2 150 6 93 29
Frame: 1969
2 145 3 94 30
Frame: 1970
2 141 2 93 28
Frame: 1971
2 136 0 93 28
Frame: 1972
2 131 0 96 24
Frame: 1973
Frame: 1974
Frame: 1975
Frame: 1976
Frame: 1977
Frame: 1978
Frame: 1979
Frame: 1980
Frame: 1981
Frame: 1982
2 344 136 125 44
Frame: 1983
2 331 130 128 44
Frame: 1984
2 317 123 136 44
Frame: 1985
2 304 115 138 45
Frame: 1986
2 295 110 134 42
Frame: 1987
2 284 103 133 43
Frame: 1988
2 274 97 133 43
Frame: 1989
2 264 92 129 41
Frame: 1990
2 254 87 129 41
Frame: 1991
2 245 83 127 39
Frame: 1992
2 237 78 125 39
Frame: 1993
2 228 72 124 40
Frame: 1994
2 220 68 120 40
Frame: 1995
2 213 65 122 37
Frame: 1996
2 205 60 119 39
Frame: 1997
2 199 56 116 39
Frame: 1998
2 191 53 115 37
Frame: 1999
2 186 50 114 36
Frame: 2000
2 178 47 114 36
Frame: 2001
2 173 42 110 35
Frame: 2002
2 168 40 110 34
Frame: 2003
2 160 36 109 34
Frame: 2004
2 156 34 106 33
Frame: 2005
2 149 30 110 33
Frame: 2006
2 144 27 106 32
Frame: 2007
2 142 25 104 32
Frame: 2008
2 136 23 102 31
Frame: 2009
2 130 20 104 32
Frame: 2010
2 126 19 101 31
Frame: 2011
2 121 17 102 31
Frame: 2012
2 117 13 101 32
Frame: 2013
2 113 12 100 31
Frame: 2014
2 111 11 98 29
Frame: 2015
2 107 10 97 29
Frame: 2016
2 103 8 97 29
Frame: 2017
2 100 5 96 30
Frame: 2018
2 97 4 97 30
Frame: 2019
2 363 71 116 42
Frame: 2020
2 359 70 120 42
Frame: 2021
2 358 70 121 40
Frame: 2022
2 357 69 122 41
Frame: 2023
2 355 68 124 42
Frame: 2024
2 353 67 126 41
Frame: 2025
2 352 67 127 39
Frame: 2026
2 352 66 127 38
Frame: 2027
2 350 64 126 40
Frame: 2028
2 348 64 123 39
Frame: 2029
2 346 63 123 40
Frame: 2030
2 345 63 125 38
Frame: 2031
2 343 62 125 38
Frame: 2032
2 340 60 126 38
Frame: 2033
2 335 58 127 40
Frame: 2034
2 334 57 128 40
Frame: 2035
2 332 57 127 39
Frame: 2036
2 328 55 130 40
Frame: 2037
2 326 55 131 39
Frame: 2038
2 321 54 134 38
Frame: 2039
2 318 53 135 40
Frame: 2040
2 316 51 136 41
Frame: 2041
2 317 50 130 40
Frame: 2042
2 313 49 130 39
Frame: 2043
2 312 49 128 39
Frame: 2044
2 310 47 127 38
Frame: 2045
2 306 47 129 37
Frame: 2046
2 301 46 128 38
Frame: 2047
2 300 43 126 39
Frame: 2048
2 298 43 127 38
Frame: 2049
2 293 41 125 38
Frame: 2050
2 291 41 124 37
Frame: 2051
2 286 39 128 37
Frame: 2052
2 282 37 128 39
Frame: 2053
2 281 37 125 36
Frame: 2054
2 278 35 127 35
Frame: 2055
2 275 33 124 37
Frame: 2056
2 273 33 121 35
Frame: 2057
2 269 31 122 36
Frame: 2058
2 266 29 119 35
Frame: 2059
2 259 28 123 36
Frame: 2060
2 260 25 118 37
Frame: 2061
2 255 24 120 38
Frame: 2062
2 253 23 119 36
Frame: 2063
2 251 23 117 33
Frame: 2064
2 245 20 118 36
Frame: 2065
2 243 18 115 37
Frame: 2066
2 239 17 116 35
Frame: 2067
2 236 16 116 34
Frame: 2068
2 233 14 112 34
Frame: 2069
2 231 12 111 35
Frame: 2070
2 225 9 114 35
Frame: 2071
2 219 8 116 34
Frame: 2072
2 219 8 111 32
Frame: 2073
2 217 5 107 32
Frame: 2074
2 210 3 112 32
Frame: 2075
2 207 2 110 33
Frame: 2076
2 205 2 105 30
Frame: 2077
2 201 2 109 29
Frame: 2078
2 198 0 100 28
Frame: 2079
2 196 0 99 25
Frame: 2080
Frame: 2081
Frame: 2082
Frame: 2083
Frame: 2084
Frame: 2085
Frame: 2086
Frame: 2087
Frame: 2088
Frame: 2089
Frame: 2090
Frame: 2091
2 327 72 119 37
Frame: 2092
2 321 70 117 35
Frame: 2093
2 317 67 115 35
Frame: 2094
2 312 64 113 34
Frame: 2095
2 305 59 115 37
Frame: 2096
2 299 56 115 37
Frame: 2097
2 293 55 114 33
Frame: 2098
2 289 52 111 33
Frame: 2099
2 284 48 112 35
Frame: 2100
2 279 46 112 34
Frame: 2101
2 275 43 109 34
Frame: 2102
2 268 40 112 33
Frame: 2103
2 268 39 103 31
Frame: 2104
2 260 36 106 31
Frame: 2105
2 257 34 106 32
Frame: 2106
2 253 32 104 32
Frame: 2107
2 247 30 106 31
Frame: 2108
2 243 28 103 30
Frame: 2109
2 239 26 103 30
Frame: 2110
2 236 25 103 31
Frame: 2111
2 233 24 100 29
Frame: 2112
2 228 22 100 29
Frame: 2113
2 225 19 99 30
Frame: 2114
2 221 17 100 30
Frame: 2115
2 218 15 97 29
Frame: 2116
2 215 14 95 28
Frame: 2117
2 210 12 96 28
Frame: 2118
2 207 11 95 28
Frame: 2119
2 204 9 95 29
Frame: 2120
2 200 7 94 29
Frame: 2121
2 196 5 93 28
Frame: 2122
Frame: 2123
Frame: 2124
Frame: 2125
Frame: 2126
Frame: 2127
Frame: 2128
Frame: 2129
Frame: 2130
Frame: 2131
Frame: 2132
Frame: 2133
Frame: 2134
Frame: 2135
Frame: 2136
Frame: 2137
Frame: 2138
Frame: 2139
Frame: 2140
Frame: 2141
Frame: 2142
Frame: 2143
Frame: 2144
Frame: 2145
Frame: 2146
1 433 59 46 39
Frame: 2147
1 430 58 49 41
Frame: 2148
1 428 56 51 41
Frame: 2149
1 424 54 55 42
Frame: 2150
1 424 53 55 40
Frame: 2151
1 422 52 57 39
Frame: 2152
1 419 50 60 39
Frame: 2153
1 416 48 63 41
Frame: 2154
1 410 46 68 42
Frame: 2155
1 407 45 71 42
Frame: 2156
1 405 43 71 43
Frame: 2157
1 401 41 75 41
Frame: 2158
1 399 39 75 42
Frame: 2159
1 397 38 75 40
Frame: 2160
1 393 38 75 39
Frame: 2161
1 390 36 74 40
Frame: 2162
1 387 34 74 39
Frame: 2163
1 383 32 73 40
Frame: 2164
1 377 31 74 40
Frame: 2165
1 374 30 74 39
Frame: 2166
1 371 28 73 40
Frame: 2167
1 368 26 72 38
Frame: 2168
1 362 24 74 39
Frame: 2169
1 359 23 72 39
Frame: 2170
1 357 22 72 38
Frame: 2171
1 354 20 70 38
Frame: 2172
1 350 18 69 38
Frame: 2173
1 344 16 71 38
Frame: 2174
1 343 15 69 38
Frame: 2175
1 338 14 69 37
Frame: 2176
1 334 10 70 39
Frame: 2177
1 331 8 66 39
Frame: 2178
1 325 7 68 38
Frame: 2179
1 323 5 67 36
Frame: 2180
1 319 4 65 36
Frame: 2181
1 315 1 66 38
Frame: 2182
1 310 1 64 35
Frame: 2183
1 306 0 65 34
Frame: 2184
1 303 0 65 33
Frame: 2185
1 299 0 66 31
Frame: 2186
1 294 0 66 30
Frame: 2187
Frame: 2188
1 288 0 63 27
Frame: 2189
Frame: 2190
Frame: 2191
Frame: 2192
2 273 0 60 20
Frame: 2193
Frame: 2194
Frame: 2195
2 266 0 45 10
Frame: 2196
Frame: 2197
2 280 102 132 42
Frame: 2198
2 272 98 134 41
Frame: 2199
2 265 93 131 41
Frame: 2200
2 259 89 127 41
Frame: 2201
2 248 85 131 41
Frame: 2202
2 246 83 126 38
Frame: 2203
2 238 79 125 38
Frame: 2204
2 234 74 119 39
Frame: 2205
2 225 70 121 39
Frame: 2206
2 217 67 120 37
Frame: 2207
2 212 64 121 37
Frame: 2208
2 207 60 117 38
Frame: 2209
2 203 57 113 36
Frame: 2210
2 195 54 114 35
Frame: 2211
2 190 51 115 34
Frame: 2212
2 185 48 113 35
Frame: 2213
2 180 43 111 37
Frame: 2214
2 174 40 110 35
Frame: 2215
2 172 39 105 34
Frame: 2216
2 165 36 106 32
Frame: 2217
2 160 33 105 34
Frame: 2218
2 154 30 106 33
Frame: 2219
2 150 27 103 32
Frame: 2220
2 146 25 102 33
Frame: 2221
2 142 24 100 31
Frame: 2222
2 138 22 100 31
Frame: 2223
2 132 19 101 32
Frame: 2224
2 129 18 98 31
Frame: 2225
2 126 16 98 30
Frame: 2226
2 121 12 97 31
Frame: 2227
2 117 11 95 29
Frame: 2228
2 112 9 97 31
Frame: 2229
Frame: 2230
Frame: 2231
Frame: 2232
Frame: 2233
Frame: 2234
1 435 137 44 32
Frame: 2235
1 428 129 51 34
Frame: 2236
1 419 124 60 34
Frame: 2237
1 408 120 71 33
2 413 121 66 31
Frame: 2238
2 399 114 79 35
Frame: 2239
2 389 109 89 33
Frame: 2240
2 382 103 97 36
Frame: 2241
2 372 99 107 36
Frame: 2242
2 365 95 111 36
Frame: 2243
2 357 89 118 36
Frame: 2244
2 347 86 118 36
Frame: 2245
2 340 83 115 35
Frame: 2246
2 331 79 116 35
Frame: 2247
2 320 76 117 33
Frame: 2248
2 316 71 110 33
Frame: 2249
2 308 68 110 31
Frame: 2250
2 299 64 111 32
Frame: 2251
2 288 61 115 31
Frame: 2252
2 284 58 112 31
Frame: 2253
2 278 54 107 31
Frame: 2254
2 270 51 107 30
Frame: 2255
2 261 47 111 30
Frame: 2256
2 255 44 107 30
Frame: 2257
2 250 40 104 29
Frame: 2258
2 245 38 102 28
Frame: 2259
2 238 35 101 29
Frame: 2260
2 229 33 104 27
Frame: 2261
2 224 29 101 28
Frame: 2262
2 220 27 100 26
Frame: 2263
2 213 25 97 26
Frame: 2264
2 209 21 96 28
Frame: 2265
2 202 19 98 27
Frame: 2266
2 197 16 95 27
Frame: 2267
2 190 14 97 26
Frame: 2268
2 185 12 95 26
Frame: 2269
2 179 11 94 26
Frame: 2270
2 176 7 94 27
Frame: 2271
2 172 5 89 26
Frame: 2272
2 164 4 94 27
Frame: 2273
2 159 2 95 27
Frame: 2274
2 155 0 91 27
Frame: 2275
2 149 0 95 24
Frame: 2276
Frame: 2277
Frame: 2278
Frame: 2279
Frame: 2280
Frame: 2281
1 258 27 66 38
Frame: 2282
1 252 25 65 37
Frame: 2283
1 248 23 63 36
Frame: 2284
1 241 21 63 35
Frame: 2285
1 235 18 65 36
Frame: 2286
1 230 16 63 36
Frame: 2287
1 225 15 62 35
Frame: 2288
1 221 13 61 36
Frame: 2289
1 215 11 63 36
Frame: 2290
1 210 10 61 35
Frame: 2291
1 207 8 60 35
Frame: 2292
1 202 7 60 34
Frame: 2293
1 198 6 59 34
Frame: 2294
1 193 4 60 33
Frame: 2295
1 190 2 59 33
Frame: 2296
1 185 2 58 31
Frame: 2297
1 184 1 55 31
Frame: 2298
1 178 0 59 30
Frame: 2299
1 175 0 57 28
Frame: 2300
1 170 0 60 28
Frame: 2301
1 168 0 57 25
Frame: 2302
1 166 0 56 25
Frame: 2303
1 168 0 43 18
2 161 0 58 24
Frame: 2304
1 166 0 44 17
Frame: 2305
1 159 0 46 16
2 157 0 54 21
Frame: 2306
2 153 0 54 19
Frame: 2307
2 150 0 49 13
Frame: 2308
2 149 0 47 12
Frame: 2309
2 147 0 47 11
Frame: 2310
2 143 0 47 11
Frame: 2311
2 141 0 45 10
Frame: 2312
2 138 0 41 9
Frame: 2313
2 136 0 41 8
Frame: 2314
Frame: 2315
Frame: 2316
Frame: 2317
Frame: 2318
Frame: 2319
Frame: 2320
Frame: 2321
Frame: 2322
Frame: 2323
Frame: 2324
Frame: 2325
Frame: 2326
Frame: 2327
Frame: 2328
Frame: 2329
Frame: 2330
Frame: 2331
Frame: 2332
Frame: 2333
Frame: 2334
Frame: 2335
Frame: 2336
Frame: 2337
Frame: 2338
Frame: 2339
Frame: 2340
Frame: 2341
Frame: 2342
Frame: 2343
Frame: 2344
Frame: 2345
Frame: 2346
Frame: 2347
Frame: 2348
Frame: 2349
Frame: 2350
Frame: 2351
Frame: 2352
Frame: 2353
Frame: 2354
Frame: 2355
Frame: 2356
1 424 163 55 43
Frame: 2357
1 413 154 66 47
Frame: 2358
1 402 144 77 48
Frame: 2359
1 392 137 83 49
Frame: 2360
1 382 129 85 49
Frame: 2361
1 373 125 81 46
Frame: 2362
1 359 118 84 46
Frame: 2363
1 352 112 80 45
Frame: 2364
1 343 107 79 44
Frame: 2365
1 334 101 78 44
Frame: 2366
1 325 96 76 42
Frame: 2367
1 314 90 77 44
Frame: 2368
1 307 87 75 40
Frame: 2369
1 299 81 73 41
Frame: 2370
1 291 78 71 39
Frame: 2371
1 282 73 73 40
Frame: 2372
1 277 69 69 39
Frame: 2373
1 267 64 69 38
Frame: 2374
1 261 60 68 38
Frame: 2375
1 252 56 70 39
Frame: 2376
1 247 52 67 36
Frame: 2377
1 238 48 67 37
Frame: 2378
1 231 42 68 38
Frame: 2379
1 228 40 62 34
Frame: 2380
1 220 34 64 36
Frame: 2381
1 213 32 64 35
Frame: 2382
1 207 28 64 36
Frame: 2383
1 201 25 63 35
Frame: 2384
1 197 22 61 34
Frame: 2385
1 191 20 62 35
Frame: 2386
1 184 17 62 34
Frame: 2387
1 182 15 58 33
Frame: 2388
1 176 14 58 33
Frame: 2389
1 170 10 60 34
Frame: 2390
1 168 9 56 31
Frame: 2391
1 161 6 57 32
Frame: 2392
1 157 4 56 31
Frame: 2393
1 152 2 56 30
Frame: 2394
1 148 0 54 30
Frame: 2395
1 143 0 56 27
Frame: 2396
1 137 0 59 25
Frame: 2397
1 137 0 54 23
Frame: 2398
1 136 0 43 16
Frame: 2399
Frame: 2400
2 126 0 46 11
Frame: 2401
Frame: 2402
Frame: 2403
Frame: 2404
Frame: 2405
Frame: 2406
Frame: 2407
Frame: 2408
Frame: 2409
Frame: 2410
Frame: 2411
Frame: 2412
Frame: 2413
Frame: 2414
Frame: 2415
Frame: 2416
Frame: 2417
Frame: 2418
Frame: 2419
Frame: 2420
Frame: 2421
Frame: 2422
Frame: 2423
Frame: 2424
Frame: 2425
Frame: 2426
Frame: 2427
Frame: 2428
Frame: 2429
Frame: 2430
Frame: 2431
Frame: 2432
Frame: 2433
Frame: 2434
Frame: 2435
Frame: 2436
Frame: 2437
Frame: 2438
Frame: 2439
Frame: 2440
Frame: 2441
Frame: 2442
1 425 131 54 42
Frame: 2443
1 414 122 65 47
Frame: 2444
1 402 114 77 48
Frame: 2445
1 392 110 80 47
Frame: 2446
1 379 104 81 49
Frame: 2447
1 370 98 80 47
Frame: 2448
1 359 95 78 45
Frame: 2449
1 349 91 76 45
Frame: 2450
1 338 86 78 45
Frame: 2451
1 328 82 77 44
Frame: 2452
1 319 79 76 43
Frame: 2453
1 309 74 76 44
Frame: 2454
1 302 70 74 43
Frame: 2455
1 292 67 75 41
Frame: 2456
1 282 63 73 41
Frame: 2457
1 274 59 72 42
Frame: 2458
1 267 55 71 40
Frame: 2459
1 261 53 68 40
Frame: 2460
1 250 50 70 39
Frame: 2461
1 245 47 68 38
Frame: 2462
1 236 42 69 39
Frame: 2463
1 230 39 68 38
Frame: 2464
1 224 36 65 37
Frame: 2465
1 216 32 66 38
Frame: 2466
1 210 29 65 38
Frame: 2467
1 203 25 66 38
Frame: 2468
1 198 23 63 36
Frame: 2469
1 191 21 64 36
Frame: 2470
1 186 18 64 36
Frame: 2471
1 179 16 63 36
Frame: 2472
1 174 15 61 36
Frame: 2473
1 168 13 61 35
Frame: 2474
1 163 11 61 35
Frame: 2475
1 158 9 60 35
Frame: 2476
1 153 7 60 34
Frame: 2477
1 148 5 59 34
Frame: 2478
1 143 3 59 34
Frame: 2479
1 139 1 60 34
Frame: 2480
1 136 1 56 32
Frame: 2481
1 131 0 56 32
Frame: 2482
1 126 0 57 29
Frame: 2483
1 120 0 60 27
Frame: 2484
1 120 0 55 25
Frame: 2485
1 115 0 54 24
Frame: 2486
1 119 0 43 17
Frame: 2487
1 110 0 46 15
2 107 0 53 20
Frame: 2488
Frame: 2489
2 102 0 46 12
Frame: 2490
2 101 0 46 11
Frame: 2491
2 95 0 44 10
Frame: 2492
Frame: 2493
Frame: 2494
Frame: 2495
Frame: 2496
Frame: 2497
Frame: 2498
Frame: 2499
Frame: 2500
Frame: 2501
Frame: 2502
Frame: 2503
Frame: 2504
Frame: 2505
Frame: 2506
Frame: 2507
Frame: 2508
Frame: 2509
Frame: 2510
Frame: 2511
Frame: 2512
Frame: 2513
Frame: 2514
Frame: 2515
Frame: 2516
Frame: 2517
Frame: 2518
Frame: 2519
Frame: 2520
Frame: 2521
Frame: 2522
Frame: 2523
Frame: 2524
Frame: 2525
Frame: 2526
Frame: 2527
Frame: 2528
Frame: 2529
Frame: 2530
Frame: 2531
Frame: 2532
1 425 202 54 43
Frame: 2533
1 416 193 63 44
Frame: 2534
1 406 187 71 46
Frame: 2535
1 396 178 78 45
Frame: 2536
1 385 175 76 43
Frame: 2537
1 373 166 77 44
Frame: 2538
1 361 161 75 43
Frame: 2539
1 353 157 73 41
Frame: 2540
1 342 150 73 41
Frame: 2541
1 332 146 72 40
Frame: 2542
1 323 140 71 40
Frame: 2543
1 314 135 69 39
Frame: 2544
1 305 129 68 38
Frame: 2545
1 294 123 69 40
Frame: 2546
1 287 119 65 38
Frame: 2547
1 278 113 65 37
Frame: 2548
1 268 108 66 37
Frame: 2549
1 261 104 63 35
Frame: 2550
1 251 96 66 39
Frame: 2551
1 244 92 63 37
Frame: 2552
1 238 88 61 35
Frame: 2553
1 228 82 63 36
Frame: 2554
1 221 77 62 36
Frame: 2555
1 214 73 61 35
Frame: 2556
1 206 69 61 35
Frame: 2557
1 199 65 61 34
Frame: 2558
1 192 62 61 34
Frame: 2559
1 186 59 59 32
Frame: 2560
1 182 56 55 33
Frame: 2561
1 175 52 56 32
Frame: 2562
1 169 50 56 31
Frame: 2563
1 165 48 54 30
Frame: 2564
1 158 43 55 31
Frame: 2565
1 153 41 53 30
Frame: 2566
1 148 38 52 29
Frame: 2567
1 143 35 51 30
Frame: 2568
1 138 34 52 29
Frame: 2569
1 133 31 50 28
Frame: 2570
1 128 27 52 30
Frame: 2571
1 123 26 51 29
Frame: 2572
1 118 23 51 29
Frame: 2573
1 114 19 51 29
Frame: 2574
1 112 16 47 29
Frame: 2575
1 105 12 51 28
Frame: 2576
1 104 9 46 28
Frame: 2577
1 99 7 48 26
Frame: 2578
1 97 4 45 26
Frame: 2579
1 91 0 46 27
Frame: 2580
1 90 0 43 23
Frame: 2581
1 86 0 46 21
Frame: 2582
1 83 0 39 14
2 82 0 43 18
Frame: 2583
2 81 0 40 11
Frame: 2584
Frame: 2585
Frame: 2586
Frame: 2587
Frame: 2588
Frame: 2589
Frame: 2590
Frame: 2591
Frame: 2592
Frame: 2593
Frame: 2594
Frame: 2595
Frame: 2596
Frame: 2597
Frame: 2598
Frame: 2599
Frame: 2600
Frame: 2601
Frame: 2602
Frame: 2603
Frame: 2604
Frame: 2605
Frame: 2606
Frame: 2607
Frame: 2608
Frame: 2609
Frame: 2610
Frame: 2611
Frame: 2612
Frame: 2613
Frame: 2614
1 420 92 59 44
Frame: 2615
1 409 86 70 46
Frame: 2616
1 399 77 77 51
Frame: 2617
1 393 77 78 46
Frame: 2618
1 381 72 78 46
Frame: 2619
1 372 66 77 47
Frame: 2620
1 362 63 76 45
Frame: 2621
1 353 59 74 43
Frame: 2622
1 343 54 77 44
Frame: 2623
1 336 49 73 44
Frame: 2624
1 326 47 73 41
Frame: 2625
1 318 43 74 42
Frame: 2626
1 310 37 73 44
Frame: 2627
1 304 35 69 41
Frame: 2628
1 294 31 71 41
Frame: 2629
1 288 29 69 40
Frame: 2630
1 279 24 70 42
Frame: 2631
1 276 24 66 38
Frame: 2632
1 265 19 70 40
Frame: 2633
1 260 16 66 39
Frame: 2634
1 253 14 65 38
Frame: 2635
1 246 12 65 36
Frame: 2636
1 241 8 65 38
Frame: 2637
1 235 6 63 37
Frame: 2638
1 230 4 63 35
Frame: 2639
1 223 3 61 34
Frame: 2640
1 217 1 62 36
Frame: 2641
1 210 0 62 34
Frame: 2642
1 206 0 61 33
Frame: 2643
1 200 0 62 32
Frame: 2644
1 196 0 60 29
Frame: 2645
1 192 0 54 28
Frame: 2646
Frame: 2647
Frame: 2648
Frame: 2649
Frame: 2650
Frame: 2651
Frame: 2652
Frame: 2653
Frame: 2654
Frame: 2655
Frame: 2656
Frame: 2657
Frame: 2658
Frame: 2659
Frame: 2660
Frame: 2661
Frame: 2662
Frame: 2663
Frame: 2664
Frame: 2665
Frame: 2666
Frame: 2667
Frame: 2668
1 414 174 65 52
Frame: 2669
1 398 161 81 59
Frame: 2670
1 389 153 84 57
Frame: 2671
1 374 143 92 58
Frame: 2672
1 359 135 91 58
Frame: 2673
1 345 128 89 56
Frame: 2674
1 331 121 89 54
Frame: 2675
1 318 113 88 53
Frame: 2676
1 308 107 84 51
Frame: 2677
1 294 99 86 52
Frame: 2678
1 284 93 81 50
Frame: 2679
1 272 86 81 49
Frame: 2680
1 261 79 80 49
Frame: 2681
1 251 76 78 45
Frame: 2682
1 241 69 77 46
Frame: 2683
1 231 64 76 45
Frame: 2684
1 221 58 74 45
Frame: 2685
1 213 54 73 43
Frame: 2686
1 205 47 72 45
Frame: 2687
1 196 45 70 40
Frame: 2688
1 189 40 69 41
Frame: 2689
1 181 36 69 40
Frame: 2690
1 172 32 67 39
Frame: 2691
1 165 27 66 39
Frame: 2692
1 158 23 65 38
Frame: 2693
1 151 19 66 38
Frame: 2694
1 145 16 64 38
Frame: 2695
1 137 12 65 37
Frame: 2696
1 132 9 63 39
Frame: 2697
1 128 7 61 36
Frame: 2698
1 122 5 60 35
Frame: 2699
1 115 2 60 36
Frame: 2700
1 110 1 59 34
Frame: 2701
1 105 0 59 34
Frame: 2702
1 101 0 58 31
Frame: 2703
1 94 0 60 28
Frame: 2704
1 90 0 58 25
Frame: 2705
1 86 0 58 24
Frame: 2706
2 85 0 55 21
Frame: 2707
Frame: 2708
2 77 0 47 12
Frame: 2709
2 72 0 45 10
Frame: 2710
Frame: 2711
Frame: 2712
Frame: 2713
Frame: 2714
Frame: 2715
Frame: 2716
Frame: 2717
Frame: 2718
Frame: 2719
Frame: 2720
Frame: 2721
Frame: 2722
Frame: 2723
Frame: 2724
Frame: 2725
Frame: 2726
Frame: 2727
Frame: 2728
Frame: 2729
Frame: 2730
Frame: 2731
Frame: 2732
Frame: 2733
Frame: 2734
Frame: 2735
Frame: 2736
Frame: 2737
Frame: 2738
Frame: 2739
Frame: 2740
Frame: 2741
Frame: 2742
Frame: 2743
Frame: 2744
Frame: 2745
Frame: 2746
Frame: 2747
Frame: 2748
Frame: 2749
Frame: 2750
Frame: 2751
Frame: 2752
Frame: 2753
Frame: 2754
Frame: 2755
Frame: 2756
Frame: 2757
1 441 159 38 27
Frame: 2758
1 422 134 57 42
Frame: 2759
1 409 125 70 46
Frame: 2760
1 397 117 80 47
Frame: 2761
1 385 110 80 47
Frame: 2762
1 374 104 79 47
Frame: 2763
1 360 99 77 44
Frame: 2764
1 348 94 77 44
Frame: 2765
1 336 88 77 44
Frame: 2766
1 326 84 74 42
Frame: 2767
1 314 78 74 42
Frame: 2768
1 303 73 73 42
Frame: 2769
1 294 69 70 40
Frame: 2770
1 281 64 70 39
Frame: 2771
1 272 60 70 39
Frame: 2772
1 263 55 67 38
Frame: 2773
1 253 50 66 37
Frame: 2774
1 243 46 67 37
Frame: 2775
1 234 40 65 37
Frame: 2776
1 227 37 63 36
Frame: 2777
1 216 32 65 36
Frame: 2778
1 207 28 66 37
Frame: 2779
1 199 24 64 36
Frame: 2780
1 192 22 63 35
Frame: 2781
1 184 19 62 34
Frame: 2782
1 177 16 60 34
Frame: 2783
1 170 13 60 34
Frame: 2784
1 162 11 60 32
Frame: 2785
1 156 8 58 33
Frame: 2786
1 149 5 57 32
Frame: 2787
1 142 3 57 31
Frame: 2788
1 136 2 55 30
Frame: 2789
1 130 0 53 29
Frame: 2790
1 124 0 55 27
Frame: 2791
1 120 0 53 24
Frame: 2792
Frame: 2793
Frame: 2794
Frame: 2795
Frame: 2796
Frame: 2797
Frame: 2798
Frame: 2799
Frame: 2800
Frame: 2801
Frame: 2802
Frame: 2803
Frame: 2804
Frame: 2805
Frame: 2806
Frame: 2807
Frame: 2808
Frame: 2809
2 233 28 97 26
Frame: 2810
2 228 25 95 26
Frame: 2811
2 220 22 97 26
Frame: 2812
2 215 19 95 27
Frame: 2813
2 208 19 94 25
Frame: 2814
2 204 15 94 26
Frame: 2815
2 199 14 90 24
Frame: 2816
2 193 11 91 25
Frame: 2817
2 193 10 83 24
Frame: 2818
2 182 6 90 24
Frame: 2819
2 177 3 90 26
Frame: 2820
2 172 2 89 26
Frame: 2821
2 167 0 91 25
Frame: 2822
Frame: 2823
Frame: 2824
Frame: 2825
Frame: 2826
Frame: 2827
Frame: 2828
Frame: 2829
Frame: 2830
Frame: 2831
Frame: 2832
Frame: 2833
Frame: 2834
Frame: 2835
Frame: 2836
Frame: 2837
Frame: 2838
Frame: 2839
Frame: 2840
Frame: 2841
Frame: 2842
Frame: 2843
Frame: 2844
1 219 17 62 35
Frame: 2845
1 213 14 60 35
Frame: 2846
1 206 12 60 34
Frame: 2847
1 198 9 60 34
Frame: 2848
1 192 7 61 33
Frame: 2849
1 185 5 61 33
Frame: 2850
1 180 2 60 33
Frame: 2851
1 174 1 56 32
Frame: 2852
1 169 0 53 29
Frame: 2853
1 161 0 58 27
Frame: 2854
1 159 0 53 24
Frame: 2855
2 153 1 52 19
Frame: 2856
Frame: 2857
Frame: 2858
Frame: 2859
Frame: 2860
Frame: 2861
Frame: 2862
Frame: 2863
Frame: 2864
Frame: 2865
Frame: 2866
Frame: 2867
Frame: 2868
Frame: 2869
Frame: 2870
Frame: 2871
Frame: 2872
Frame: 2873
Frame: 2874
Frame: 2875
Frame: 2876
Frame: 2877
Frame: 2878
Frame: 2879
Frame: 2880
Frame: 2881
Frame: 2882
Frame: 2883
Frame: 2884
Frame: 2885
Frame: 2886
Frame: 2887
Frame: 2888
Frame: 2889
Frame: 2890
Frame: 2891
Frame: 2892
Frame: 2893
Frame: 2894
Frame: 2895
Frame: 2896
Frame: 2897
Frame: 2898
Frame: 2899
Frame: 2900
Frame: 2901
Frame: 2902
Frame: 2903
Frame: 2904
Frame: 2905
Frame: 2906
Frame: 2907
Frame: 2908
Frame: 2909
Frame: 2910
Frame: 2911
Frame: 2912
Frame: 2913
Frame: 2914
Frame: 2915
Frame: 2916
Frame: 2917
Frame: 2918
Frame: 2919
Frame: 2920
1 422 161 57 40
Frame: 2921
1 409 152 70 42
Frame: 2922
1 400 145 79 44
Frame: 2923
1 387 139 88 44
2 386 136 92 44
Frame: 2924
2 375 129 104 45
Frame: 2925
2 363 122 116 45
Frame: 2926
2 351 115 128 45
Frame: 2927
2 340 109 129 43
Frame: 2928
2 331 102 128 44
Frame: 2929
2 318 97 134 43
Frame: 2930
2 310 93 128 41
Frame: 2931
2 297 87 129 42
Frame: 2932
2 290 83 127 42
Frame: 2933
2 281 79 124 40
Frame: 2934
2 273 74 122 41
Frame: 2935
2 262 70 123 40
Frame: 2936
2 256 65 122 40
Frame: 2937
2 247 62 121 39
Frame: 2938
2 240 57 117 39
Frame: 2939
2 231 53 119 38
Frame: 2940
2 226 50 114 36
Frame: 2941
2 217 46 116 38
Frame: 2942
2 212 42 110 37
Frame: 2943
2 204 39 112 35
Frame: 2944
2 200 35 108 36
Frame: 2945
2 192 32 108 35
Frame: 2946
2 185 28 107 35
Frame: 2947
2 179 25 109 33
Frame: 2948
2 173 21 105 33
Frame: 2949
2 167 19 103 32
Frame: 2950
2 163 15 102 32
Frame: 2951
2 158 14 99 31
Frame: 2952
2 154 11 97 32
Frame: 2953
2 147 9 98 31
Frame: 2954
2 142 6 97 32
Frame: 2955
2 137 5 97 30
Frame: 2956
2 134 4 93 29
Frame: 2957
2 128 2 97 28
Frame: 2958
2 123 1 92 28
Frame: 2959
2 118 0 96 26
Frame: 2960
Frame: 2961
Frame: 2962
Frame: 2963
Frame: 2964
Frame: 2965
1 364 122 88 50
Frame: 2966
1 360 122 82 46
Frame: 2967
1 348 115 86 48
Frame: 2968
1 332 110 91 48
Frame: 2969
1 334 108 81 47
Frame: 2970
1 325 105 79 42
Frame: 2971
1 314 98 81 45
Frame: 2972
1 307 95 78 44
Frame: 2973
1 295 93 79 41
Frame: 2974
1 428 165 51 43
Frame: 2975
1 419 157 60 49
Frame: 2976
1 408 153 69 48
Frame: 2977
1 400 143 78 55
1 291 91 48 26
Frame: 2978
1 391 139 86 53
Frame: 2979
1 385 133 85 53
Frame: 2980
1 374 128 85 53
Frame: 2981
1 366 125 85 51
Frame: 2982
1 355 120 85 51
Frame: 2983
1 349 117 82 49
1 229 49 68 41
Frame: 2984
1 341 112 81 49
1 226 48 63 39
Frame: 2985
1 333 109 80 48
Frame: 2986
1 326 106 80 46
Frame: 2987
1 317 101 81 47
Frame: 2988
1 310 98 78 44
Frame: 2989
1 301 93 78 45
Frame: 2990
1 295 89 76 45
Frame: 2991
1 287 85 77 44
Frame: 2992
1 279 82 75 42
Frame: 2993
1 272 78 75 41
1 148 17 76 38
Frame: 2994
1 266 74 73 41
Frame: 2995
1 259 71 72 40
1 147 11 63 36
Frame: 2996
1 254 66 70 40
Frame: 2997
1 246 63 71 40
Frame: 2998
1 239 59 72 41
Frame: 2999
1 233 57 70 40
Frame: 3000
1 228 55 68 38
Frame: 3001
1 221 51 68 38
Frame: 3002
1 215 48 68 37
Frame: 3003
1 209 46 69 37
Frame: 3004
1 203 42 69 37
Frame: 3005
1 199 39 66 37
Frame: 3006
1 195 37 65 35
Frame: 3007
1 187 33 67 36
Frame: 3008
1 183 31 67 36
Frame: 3009
1 179 28 64 36
Frame: 3010
1 175 25 63 35
Frame: 3011
1 169 23 64 34
Frame: 3012
1 163 20 64 36
Frame: 3013
1 158 18 64 34
Frame: 3014
1 154 16 63 35
Frame: 3015
1 151 14 64 36
Frame: 3016
1 148 13 60 34
Frame: 3017
1 142 11 63 34
Frame: 3018
1 140 10 60 34
Frame: 3019
1 135 8 59 33
Frame: 3020
1 131 6 60 34
Frame: 3021
1 127 5 59 33
Frame: 3022
1 123 4 58 32
Frame: 3023
1 120 3 57 31
Frame: 3024
1 115 1 57 31
Frame: 3025
1 112 0 56 30
Frame: 3026
1 109 0 58 29
Frame: 3027
1 105 0 56 26
Frame: 3028
1 105 0 53 24
Frame: 3029
Frame: 3030
Frame: 3031
Frame: 3032
Frame: 3033
Frame: 3034
Frame: 3035
Frame: 3036
Frame: 3037
1 428 194 51 46
Frame: 3038
1 415 186 64 47
Frame: 3039
1 400 175 79 49
Frame: 3040
1 389 166 86 49
Frame: 3041
1 376 158 86 50
Frame: 3042
1 364 152 85 49
Frame: 3043
1 350 144 86 50
Frame: 3044
1 341 140 82 46
Frame: 3045
1 329 132 82 46
Frame: 3046
1 319 126 80 46
Frame: 3047
1 310 121 79 45
Frame: 3048
1 300 115 77 44
Frame: 3049
1 290 110 78 44
Frame: 3050
1 280 105 78 43
Frame: 3051
1 272 101 76 43
Frame: 3052
1 264 98 75 41
Frame: 3053
1 257 94 73 40
Frame: 3054
1 248 89 74 41
Frame: 3055
1 241 86 73 38
Frame: 3056
1 234 81 71 40
Frame: 3057
1 226 78 72 38
Frame: 3058
1 219 73 73 39
Frame: 3059
1 214 70 69 38
Frame: 3060
1 208 66 69 38
Frame: 3061
1 200 62 69 38
Frame: 3062
1 194 59 69 37
Frame: 3063
1 189 55 67 37
Frame: 3064
1 183 53 67 36
Frame: 3065
1 177 49 67 36
Frame: 3066
1 171 46 67 38
Frame: 3067
1 167 45 64 35
Frame: 3068
1 162 43 64 34
Frame: 3069
1 157 40 64 35
Frame: 3070
1 153 39 62 34
Frame: 3071
1 149 37 60 33
Frame: 3072
1 143 34 63 34
Frame: 3073
1 140 33 60 33
Frame: 3074
1 134 30 61 34
Frame: 3075
1 131 28 59 33
Frame: 3076
1 127 26 60 33
Frame: 3077
1 125 25 57 32
Frame: 3078
1 118 22 59 32
Frame: 3079
1 116 20 57 32
Frame: 3080
1 112 18 57 32
Frame: 3081
1 108 16 57 32
Frame: 3082
1 105 14 55 30
Frame: 3083
1 101 12 57 31
Frame: 3084
1 98 10 56 31
Frame: 3085
1 96 9 55 30
Frame: 3086
1 93 7 55 30
Frame: 3087
1 424 114 55 37
Frame: 3088
1 423 114 56 37
Frame: 3089
1 422 113 57 37
Frame: 3090
1 420 113 59 36
Frame: 3091
1 419 112 60 37
Frame: 3092
1 418 112 61 37
Frame: 3093
1 418 111 61 38
Frame: 3094
Frame: 3095
1 415 109 64 37
Frame: 3096
1 415 110 63 35
Frame: 3097
1 414 109 65 36
Frame: 3098
1 413 107 64 37
Frame: 3099
1 412 107 65 37
Frame: 3100
1 413 108 66 34
Frame: 3101
1 410 107 67 35
Frame: 3102
1 410 107 65 34
Frame: 3103
1 408 106 68 35
Frame: 3104
1 406 103 70 37
Frame: 3105
1 406 103 69 36
Frame: 3106
1 405 103 72 36
2 405 104 71 35
Frame: 3107
1 404 103 73 36
2 403 104 73 34
Frame: 3108
2 402 103 76 35
Frame: 3109
2 400 102 78 35
Frame: 3110
1 400 101 79 37
2 401 101 77 36
Frame: 3111
2 397 100 80 36
Frame: 3112
2 395 100 83 35
Frame: 3113
2 393 99 85 36
Frame: 3114
2 392 99 86 35
Frame: 3115
2 389 98 89 37
Frame: 3116
2 388 98 90 36
Frame: 3117
2 386 98 92 36
Frame: 3118
2 385 97 93 36
Frame: 3119
2 383 96 95 36
Frame: 3120
2 380 96 96 36
Frame: 3121
2 376 95 99 36
Frame: 3122
2 375 93 104 35
Frame: 3123
2 373 92 105 35
Frame: 3124
2 370 90 107 36
Frame: 3125
2 368 88 111 36
Frame: 3126
2 364 86 114 36
Frame: 3127
2 360 84 118 36
Frame: 3128
2 356 82 123 35
Frame: 3129
2 353 81 118 34
Frame: 3130
2 348 79 120 34
Frame: 3131
2 345 75 121 36
Frame: 3132
2 340 74 120 35
Frame: 3133
2 336 71 126 36
Frame: 3134
2 331 70 127 35
Frame: 3135
2 327 69 126 34
Frame: 3136
2 322 67 129 35
Frame: 3137
2 319 65 125 36
Frame: 3138
2 315 65 122 34
Frame: 3139
2 313 61 120 36
Frame: 3140
2 306 60 121 35
Frame: 3141
2 302 57 120 35
Frame: 3142
2 296 55 123 35
Frame: 3143
2 293 54 121 33
Frame: 3144
2 287 52 121 33
Frame: 3145
2 283 50 120 33
Frame: 3146
2 278 48 119 33
Frame: 3147
2 274 45 118 34
Frame: 3148
2 270 42 113 34
Frame: 3149
2 265 41 117 31
Frame: 3150
2 259 38 116 32
Frame: 3151
2 254 37 115 31
Frame: 3152
2 252 35 111 31
Frame: 3153
2 246 32 113 32
Frame: 3154
2 241 29 114 31
Frame: 3155
2 237 26 111 32
Frame: 3156
2 235 26 108 29
Frame: 3157
2 228 24 110 29
Frame: 3158
2 224 22 109 29
Frame: 3159
2 220 19 106 29
Frame: 3160
2 214 16 110 30
Frame: 3161
2 211 13 105 30
Frame: 3162
2 206 10 105 31
Frame: 3163
2 201 11 106 28
Frame: 3164
2 197 8 104 28
Frame: 3165
2 192 6 104 29
Frame: 3166
Frame: 3167
Frame: 3168
Frame: 3169
Frame: 3170
Frame: 3171
Frame: 3172
Frame: 3173
Frame: 3174
Frame: 3175
Frame: 3176
Frame: 3177
Frame: 3178
Frame: 3179
Frame: 3180
Frame: 3181
1 423 176 56 44
Frame: 3182
1 417 170 62 47
Frame: 3183
1 407 165 72 48
Frame: 3184
1 400 157 79 50
Frame: 3185
1 393 151 86 53
Frame: 3186
1 385 147 89 50
Frame: 3187
1 379 142 87 50
Frame: 3188
1 372 140 85 49
Frame: 3189
1 365 135 87 49
Frame: 3190
1 357 130 85 49
Frame: 3191
1 350 126 84 49
Frame: 3192
1 345 124 82 47
Frame: 3193
1 338 119 83 48
Frame: 3194
1 330 117 84 46
Frame: 3195
1 326 113 79 46
Frame: 3196
1 320 110 80 45
Frame: 3197
1 314 108 79 43
Frame: 3198
1 308 104 80 44
Frame: 3199
1 302 102 78 43
Frame: 3200
1 298 98 75 42
Frame: 3201
1 291 95 77 43
Frame: 3202
1 286 91 76 43
Frame: 3203
1 281 89 76 42
Frame: 3204
1 276 87 75 41
Frame: 3205
1 271 83 74 42
Frame: 3206
1 265 80 74 42
Frame: 3207
1 261 78 73 40
Frame: 3208
1 256 74 73 42
Frame: 3209
1 250 72 74 40
Frame: 3210
1 247 70 71 40
Frame: 3211
1 243 66 70 40
Frame: 3212
1 238 64 69 39
Frame: 3213
1 233 62 70 39
Frame: 3214
1 228 59 71 39
Frame: 3215
1 227 57 67 38
Frame: 3216
1 222 56 68 37
Frame: 3217
1 216 53 70 38
Frame: 3218
1 215 51 65 36
Frame: 3219
1 209 48 66 37
Frame: 3220
1 203 46 67 37
Frame: 3221
1 200 44 67 37
Frame: 3222
1 195 41 67 38
Frame: 3223
1 194 41 63 34
Frame: 3224
1 190 37 63 35
Frame: 3225
Frame: 3226
Frame: 3227
Frame: 3228
Frame: 3229
1 439 127 40 28
Frame: 3230
1 423 103 56 42
Frame: 3231
1 412 95 67 45
Frame: 3232
1 402 89 77 46
Frame: 3233
1 390 81 85 48
Frame: 3234
1 380 77 83 47
Frame: 3235
1 370 73 83 45
Frame: 3236
1 358 66 81 46
Frame: 3237
1 350 63 79 44
Frame: 3238
1 340 59 80 43
Frame: 3239
1 330 55 79 43
Frame: 3240
1 323 50 76 42
Frame: 3241
1 313 47 77 42
Frame: 3242
1 305 43 75 41
Frame: 3243
1 298 40 73 39
Frame: 3244
1 291 36 72 40
Frame: 3245
1 280 33 73 38
Frame: 3246
1 274 29 73 39
Frame: 3247
1 266 26 72 37
Frame: 3248
1 261 22 69 38
Frame: 3249
1 251 18 70 37
Frame: 3250
1 246 16 69 35
Frame: 3251
1 237 11 70 39
Frame: 3252
1 233 8 67 37
Frame: 3253
1 229 6 65 35
Frame: 3254
1 220 3 66 34
Frame: 3255
1 215 0 64 36
Frame: 3256
1 208 0 68 34
Frame: 3257
1 204 0 65 31
Frame: 3258
1 198 0 66 30
Frame: 3259
Frame: 3260
Frame: 3261
Frame: 3262
Frame: 3263
Frame: 3264
Frame: 3265
2 166 0 47 11
Frame: 3266
Frame: 3267
Frame: 3268
Frame: 3269
Frame: 3270
Frame: 3271
Frame: 3272
Frame: 3273
Frame: 3274
Frame: 3275
Frame: 3276
Frame: 3277
Frame: 3278
Frame: 3279
Frame: 3280
Frame: 3281
Frame: 3282
Frame: 3283
Frame: 3284
Frame: 3285
Frame: 3286
Frame: 3287
Frame: 3288
Frame: 3289
Frame: 3290
Frame: 3291
Frame: 3292
Frame: 3293
Frame: 3294
Frame: 3295
1 427 222 52 43
Frame: 3296
1 418 213 61 43
Frame: 3297
1 407 207 72 45
Frame: 3298
1 400 203 79 46
Frame: 3299
1 394 195 82 46
Frame: 3300
1 385 192 81 45
Frame: 3301
1 377 188 82 45
Frame: 3302
1 369 181 81 45
Frame: 3303
1 359 177 80 45
Frame: 3304
1 352 174 82 44
Frame: 3305
1 342 166 81 44
Frame: 3306
1 337 165 79 42
Frame: 3307
1 328 160 78 43
Frame: 3308
1 323 157 78 42
Frame: 3309
1 315 151 78 43
Frame: 3310
1 308 149 77 42
Frame: 3311
1 300 144 77 43
Frame: 3312
1 296 142 74 41
Frame: 3313
1 290 137 74 40
Frame: 3314
1 284 134 72 40
Frame: 3315
1 276 130 74 40
Frame: 3316
1 271 127 72 40
Frame: 3317
1 266 123 69 39
Frame: 3318
1 259 120 70 39
Frame: 3319
1 254 117 70 38
Frame: 3320
1 247 112 70 40
Frame: 3321
1 242 110 68 37
Frame: 3322
1 237 105 68 39
Frame: 3323
1 232 102 68 38
Frame: 3324
1 227 99 67 36
Frame: 3325
1 222 95 65 37
Frame: 3326
1 215 92 66 37
Frame: 3327
1 211 89 66 36
Frame: 3328
1 206 86 66 36
Frame: 3329
1 202 83 63 35
Frame: 3330
1 197 80 64 36
Frame: 3331
1 192 78 63 35
Frame: 3332
1 187 74 64 36
Frame: 3333
1 183 72 64 36
Frame: 3334
1 181 71 60 35
Frame: 3335
1 174 69 63 34
Frame: 3336
1 171 66 62 34
Frame: 3337
1 168 64 61 35
Frame: 3338
1 165 63 58 33
Frame: 3339
1 159 60 62 34
Frame: 3340
1 159 58 57 32
Frame: 3341
1 155 56 57 33
Frame: 3342
1 151 54 57 32
Frame: 3343
1 147 51 58 34
Frame: 3344
1 144 50 58 33
Frame: 3345
1 140 48 58 33
Frame: 3346
1 138 47 56 32
Frame: 3347
1 135 46 56 32
Frame: 3348
1 132 44 56 31
Frame: 3349
1 129 42 57 32
Frame: 3350
1 128 42 55 31
Frame: 3351
1 125 40 54 31
Frame: 3352
1 122 39 54 30
Frame: 3353
2 342 35 119 31
Frame: 3354
2 333 29 113 32
Frame: 3355
2 318 24 115 31
Frame: 3356
2 307 19 113 30
Frame: 3357
2 296 14 111 30
Frame: 3358
2 287 10 109 28
Frame: 3359
2 275 5 108 29
Frame: 3360
2 268 2 106 27
Frame: 3361
2 258 0 103 24
Frame: 3362
Frame: 3363
Frame: 3364
Frame: 3365
Frame: 3366
Frame: 3367
Frame: 3368
Frame: 3369
Frame: 3370
Frame: 3371
Frame: 3372
Frame: 3373
Frame: 3374
Frame: 3375
Frame: 3376
Frame: 3377
Frame: 3378
Frame: 3379
Frame: 3380
Frame: 3381
Frame: 3382
Frame: 3383
Frame: 3384
Frame: 3385
Frame: 3386
Frame: 3387
Frame: 3388
Frame: 3389
Frame: 3390
Frame: 3391
Frame: 3392
Frame: 3393
Frame: 3394
Frame: 3395
Frame: 3396
Frame: 3397
Frame: 3398
Frame: 3399
Frame: 3400
Frame: 3401
Frame: 3402
Frame: 3403
Frame: 3404
Frame: 3405
1 419 203 60 48
Frame: 3406
1 405 190 73 53
Frame: 3407
1 394 178 85 59
Frame: 3408
1 385 173 90 55
Frame: 3409
1 373 164 91 56
Frame: 3410
1 358 159 88 53
Frame: 3411
1 348 155 88 50
Frame: 3412
1 334 147 93 49
Frame: 3413
1 325 141 86 51
Frame: 3414
1 313 134 89 51
Frame: 3415
1 304 127 85 49
Frame: 3416
1 294 122 84 47
Frame: 3417
1 284 113 84 48
Frame: 3418
1 274 110 82 46
Frame: 3419
1 264 104 82 44
Frame: 3420
1 258 97 78 45
Frame: 3421
1 247 93 78 44
Frame: 3422
1 238 87 80 43
Frame: 3423
1 229 82 78 42
Frame: 3424
1 222 78 76 40
Frame: 3425
1 213 72 76 41
Frame: 3426
1 208 67 73 40
Frame: 3427
1 198 63 73 40
Frame: 3428
1 193 58 71 39
Frame: 3429
1 185 54 70 39
Frame: 3430
1 180 50 69 38
Frame: 3431
1 173 46 68 37
Frame: 3432
1 164 42 70 38
Frame: 3433
1 160 40 65 35
Frame: 3434
1 153 35 65 37
Frame: 3435
1 146 31 66 37
Frame: 3436
1 140 27 66 37
Frame: 3437
1 135 24 65 35
Frame: 3438
1 130 21 62 34
Frame: 3439
1 125 17 62 34
Frame: 3440
1 120 14 61 35
Frame: 3441
1 115 12 60 33
Frame: 3442
1 110 9 59 33
Frame: 3443
1 105 6 59 34
Frame: 3444
1 101 4 58 32
Frame: 3445
1 96 1 58 33
Frame: 3446
1 92 1 56 30
Frame: 3447
1 87 0 58 28
Frame: 3448
1 82 0 58 26
Frame: 3449
1 80 0 56 23
Frame: 3450
1 78 0 47 16
2 78 0 54 20
Frame: 3451
2 76 0 46 12
Frame: 3452
2 71 0 45 11
Frame: 3453
Frame: 3454
Frame: 3455
Frame: 3456
Frame: 3457
Frame: 3458
Frame: 3459
Frame: 3460
Frame: 3461
Frame: 3462
Frame: 3463
Frame: 3464
Frame: 3465
Frame: 3466
Frame: 3467
Frame: 3468
Frame: 3469
Frame: 3470
Frame: 3471
Frame: 3472
Frame: 3473
Frame: 3474
Frame: 3475
Frame: 3476
Frame: 3477
Frame: 3478
Frame: 3479
Frame: 3480
Frame: 3481
Frame: 3482
Frame: 3483
Frame: 3484
Frame: 3485
Frame: 3486
Frame: 3487
Frame: 3488
Frame: 3489
Frame: 3490
Frame: 3491
Frame: 3492
Frame: 3493
Frame: 3494
Frame: 3495
Frame: 3496
1 423 113 56 41
Frame: 3497
1 412 106 67 43
Frame: 3498
1 402 98 75 45
Frame: 3499
1 392 94 78 44
Frame: 3500
1 381 89 79 44
Frame: 3501
1 371 85 77 43
Frame: 3502
1 360 81 75 42
Frame: 3503
1 351 77 75 41
Frame: 3504
1 342 71 75 42
Frame: 3505
1 333 69 72 40
Frame: 3506
1 324 65 72 39
Frame: 3507
1 314 62 70 39
Frame: 3508
1 306 57 70 39
Frame: 3509
1 297 54 70 39
Frame: 3510
1 290 49 68 39
Frame: 3511
1 282 47 67 38
Frame: 3512
1 275 42 68 39
Frame: 3513
1 267 39 67 37
Frame: 3514
1 261 36 65 36
Frame: 3515
1 252 31 67 39
Frame: 3516
1 246 28 65 37
Frame: 3517
1 238 24 65 38
Frame: 3518
1 233 23 63 35
Frame: 3519
1 225 19 63 36
Frame: 3520
1 219 16 63 36
Frame: 3521
1 213 14 62 35
Frame: 3522
1 208 11 60 35
Frame: 3523
1 200 9 62 35
Frame: 3524
1 196 8 59 34
Frame: 3525
1 191 6 59 34
Frame: 3526
1 185 5 59 33
Frame: 3527
1 181 3 58 33
Frame: 3528
1 176 1 57 32
Frame: 3529
1 171 0 56 32
Frame: 3530
1 167 0 56 29
Frame: 3531
1 160 0 57 28
Frame: 3532
1 157 0 57 25
Frame: 3533
1 154 0 56 23
Frame: 3534
2 149 0 52 22
Frame: 3535
2 145 0 53 19
Frame: 3536
Frame: 3537
2 140 0 46 11
Frame: 3538
2 135 0 46 11
Frame: 3539
Frame: 3540
Frame: 3541
Frame: 3542
Frame: 3543
Frame: 3544
Frame: 3545
1 84 9 63 34
Frame: 3546
1 78 5 63 37
Frame: 3547
1 74 3 61 34
Frame: 3548
1 69 0 61 35
Frame: 3549
1 64 0 62 33
Frame: 3550
1 60 0 58 29
Frame: 3551
Frame: 3552
2 51 0 60 23
Frame: 3553
Frame: 3554
Frame: 3555
Frame: 3556
Frame: 3557
Frame: 3558
Frame: 3559
Frame: 3560
Frame: 3561
Frame: 3562
Frame: 3563
Frame: 3564
Frame: 3565
Frame: 3566
Frame: 3567
Frame: 3568
Frame: 3569
Frame: 3570
Frame: 3571
Frame: 3572
Frame: 3573
Frame: 3574
Frame: 3575
Frame: 3576
Frame: 3577
Frame: 3578
Frame: 3579
Frame: 3580
Frame: 3581
Frame: 3582
Frame: 3583
Frame: 3584
1 428 138 51 44
Frame: 3585
1 422 133 57 41
Frame: 3586
1 415 129 64 41
Frame: 3587
1 406 125 73 42
1 206 77 46 24
Frame: 3588
1 397 119 78 44
Frame: 3589
1 392 118 75 42
Frame: 3590
1 384 115 74 42
Frame: 3591
1 376 112 74 41
1 184 67 43 22
Frame: 3592
1 368 106 75 41
1 181 62 40 22
Frame: 3593
1 363 103 71 40
Frame: 3594
1 355 99 72 40
1 168 55 42 21
Frame: 3595
1 348 96 70 39
Frame: 3596
1 340 91 71 39
Frame: 3597
1 334 87 71 42
Frame: 3598
1 327 85 71 39
Frame: 3599
1 323 81 68 39
Frame: 3600
1 315 79 69 38
Frame: 3601
1 309 76 69 38
Frame: 3602
1 303 73 68 38
1 135 32 34 19
Frame: 3603
1 298 70 66 38
Frame: 3604
1 293 67 65 37
Frame: 3605
1 286 65 66 38
Frame: 3606
1 281 64 66 36
Frame: 3607
1 276 60 67 37
Frame: 3608
1 270 57 65 37
Frame: 3609
1 268 55 63 35
Frame: 3610
1 264 52 61 34
Frame: 3611
1 257 50 62 34
Frame: 3612
1 255 47 60 35
Frame: 3613
1 248 45 63 35
Frame: 3614
1 244 43 60 34
Frame: 3615
1 239 41 63 34
Frame: 3616
1 237 40 60 33
Frame: 3617
1 234 38 57 33
Frame: 3618
1 229 36 58 32
Frame: 3619
1 225 33 61 34
Frame: 3620
1 223 32 57 33
Frame: 3621
1 218 31 58 32
Frame: 3622
1 214 28 57 32
Frame: 3623
1 212 25 55 32
Frame: 3624
1 207 21 57 32
Frame: 3625
1 206 18 56 31
Frame: 3626
1 202 15 55 32
Frame: 3627
1 198 12 56 30
Frame: 3628
1 196 10 53 30
Frame: 3629
1 193 8 53 30
Frame: 3630
1 188 6 54 30
Frame: 3631
1 184 4 55 30
Frame: 3632
1 184 2 52 30
Frame: 3633
1 180 1 51 28
Frame: 3634
1 176 0 53 28
Frame: 3635
Frame: 3636
Frame: 3637
Frame: 3638
Frame: 3639
Frame: 3640
Frame: 3641
Frame: 3642
1 441 251 38 18
1 436 248 43 21
Frame: 3643
1 428 241 51 28
Frame: 3644
1 416 230 63 36
Frame: 3645
1 403 226 74 36
Frame: 3646
2 396 215 83 39
Frame: 3647
2 386 209 91 42
Frame: 3648
2 380 199 95 42
Frame: 3649
2 371 193 106 43
Frame: 3650
2 360 185 108 40
Frame: 3651
2 355 179 122 42
Frame: 3652
2 345 174 119 42
Frame: 3653
2 338 166 122 40
Frame: 3654
2 327 163 124 40
Frame: 3655
2 316 158 125 41
Frame: 3656
2 312 150 121 42
Frame: 3657
2 300 147 128 40
Frame: 3658
2 295 143 122 39
Frame: 3659
1 436 25 43 22
2 284 136 124 39
Frame: 3660
2 275 132 125 38
Frame: 3661
1 418 18 48 22
2 275 128 116 36
Frame: 3662
2 266 124 120 36
Frame: 3663
2 260 119 119 37
Frame: 3664
2 253 115 118 36
Frame: 3665
2 250 111 115 37
Frame: 3666
1 383 4 44 22
2 243 108 117 34
Frame: 3667
2 235 104 119 35
Frame: 3668
2 233 101 114 34
Frame: 3669
2 230 98 109 33
Frame: 3670
2 221 95 113 33
Frame: 3671
2 216 91 112 32
Frame: 3672
2 213 88 109 32
Frame: 3673
2 208 86 108 33
Frame: 3674
2 206 83 104 32
Frame: 3675
2 199 81 105 31
Frame: 3676
2 194 79 105 31
Frame: 3677
2 188 77 107 30
Frame: 3678
2 188 74 102 31
Frame: 3679
2 183 71 102 31
Frame: 3680
2 181 69 98 30
Frame: 3681
2 177 66 99 31
Frame: 3682
2 169 64 103 29
Frame: 3683
2 167 62 99 29
Frame: 3684
2 164 59 97 29
Frame: 3685
2 159 58 98 28
Frame: 3686
2 157 54 98 30
Frame: 3687
2 154 52 96 29
Frame: 3688
2 151 50 95 29
Frame: 3689
2 149 50 93 28
Frame: 3690
2 144 48 96 27
Frame: 3691
2 142 47 91 26
Frame: 3692
2 140 44 88 26
Frame: 3693
2 135 43 92 26
Frame: 3694
2 131 42 93 27
Frame: 3695
2 129 40 91 27
Frame: 3696
2 126 37 90 27
Frame: 3697
2 125 34 87 27
Frame: 3698
2 120 33 89 26
Frame: 3699
2 117 30 88 24
Frame: 3700
2 115 27 87 25
Frame: 3701
2 112 23 86 25
Frame: 3702
2 110 21 86 24
Frame: 3703
2 108 18 86 27
Frame: 3704
2 105 16 85 26
Frame: 3705
2 102 14 85 25
Frame: 3706
2 102 13 78 23
Frame: 3707
2 99 11 80 24
Frame: 3708
2 97 9 80 24
Frame: 3709
2 94 7 81 24
Frame: 3710
2 89 5 82 23
Frame: 3711
2 87 3 82 24
Frame: 3712
2 83 1 83 26
Frame: 3713
2 81 0 84 24
Frame: 3714
2 80 1 80 22
Frame: 3715
Frame: 3716
Frame: 3717
2 80 0 51 11
Frame: 3718
Frame: 3719
Frame: 3720
1 236 15 62 35
Frame: 3721
1 229 11 63 36
Frame: 3722
1 223 9 62 34
Frame: 3723
1 217 6 62 34
Frame: 3724
1 212 4 59 34
Frame: 3725
1 205 2 60 33
Frame: 3726
1 200 1 58 32
Frame: 3727
1 194 0 60 31
Frame: 3728
1 189 0 58 29
Frame: 3729
1 184 0 57 27
Frame: 3730
1 178 0 56 24
Frame: 3731
1 177 0 54 23
Frame: 3732
Frame: 3733
Frame: 3734
2 165 0 47 11
Frame: 3735
Frame: 3736
Frame: 3737
Frame: 3738
Frame: 3739
Frame: 3740
Frame: 3741
Frame: 3742
Frame: 3743
Frame: 3744
Frame: 3745
Frame: 3746
Frame: 3747
Frame: 3748
Frame: 3749
Frame: 3750
Frame: 3751
Frame: 3752
Frame: 3753
Frame: 3754
Frame: 3755
Frame: 3756
Frame: 3757
Frame: 3758
Frame: 3759
Frame: 3760
Frame: 3761
Frame: 3762
Frame: 3763
2 366 79 113 43
Frame: 3764
2 363 78 113 41
Frame: 3765
2 360 77 110 41
Frame: 3766
2 355 74 115 41
Frame: 3767
2 353 71 113 42
Frame: 3768
2 349 70 112 42
Frame: 3769
2 348 68 114 41
Frame: 3770
2 342 67 115 41
Frame: 3771
2 336 65 117 41
Frame: 3772
2 332 64 118 40
Frame: 3773
2 330 62 114 41
Frame: 3774
2 325 61 113 41
Frame: 3775
2 322 57 112 41
Frame: 3776
2 318 56 113 40
Frame: 3777
2 315 54 111 40
Frame: 3778
2 311 51 110 41
Frame: 3779
2 306 49 110 41
Frame: 3780
2 301 48 114 39
Frame: 3781
2 295 47 113 39
Frame: 3782
2 294 44 110 40
Frame: 3783
2 290 41 109 39
Frame: 3784
2 287 39 108 39
Frame: 3785
2 284 37 105 39
Frame: 3786
2 280 36 105 37
Frame: 3787
2 274 34 107 38
Frame: 3788
2 271 33 107 37
Frame: 3789
2 265 31 108 38
Frame: 3790
2 263 29 105 37
Frame: 3791
2 260 27 103 36
Frame: 3792
2 257 26 101 36
Frame: 3793
2 253 23 102 37
Frame: 3794
2 250 22 100 36
Frame: 3795
2 246 21 100 36
Frame: 3796
2 241 19 100 37
Frame: 3797
2 238 17 101 37
Frame: 3798
2 232 16 103 36
Frame: 3799
2 231 14 99 34
Frame: 3800
2 228 13 97 34
Frame: 3801
2 223 11 97 35
Frame: 3802
2 222 11 95 33
Frame: 3803
1 204 32 67 37
Frame: 3804
1 199 28 67 38
Frame: 3805
1 194 25 68 38
Frame: 3806
1 190 23 65 36
Frame: 3807
1 185 20 64 35
Frame: 3808
1 180 16 64 37
Frame: 3809
1 175 15 65 35
Frame: 3810
1 171 13 63 34
Frame: 3811
1 165 11 64 35
Frame: 3812
1 163 9 61 33
Frame: 3813
1 158 7 60 34
Frame: 3814
1 153 6 61 34
Frame: 3815
1 149 4 61 33
Frame: 3816
1 145 2 61 32
Frame: 3817
1 142 0 59 32
Frame: 3818
1 139 0 60 31
Frame: 3819
1 134 0 61 28
Frame: 3820
1 134 0 56 27
Frame: 3821
1 126 0 60 24
Frame: 3822
Frame: 3823
Frame: 3824
Frame: 3825
Frame: 3826
2 113 0 45 10
Frame: 3827
Frame: 3828
Frame: 3829
Frame: 3830
Frame: 3831
Frame: 3832
Frame: 3833
Frame: 3834
Frame: 3835
Frame: 3836
Frame: 3837
Frame: 3838
Frame: 3839
Frame: 3840
Frame: 3841
Frame: 3842
Frame: 3843
Frame: 3844
Frame: 3845
Frame: 3846
Frame: 3847
Frame: 3848
Frame: 3849
Frame: 3850
1 433 37 46 39
Frame: 3851
1 425 33 54 41
Frame: 3852
1 417 30 62 42
Frame: 3853
1 410 26 67 40
Frame: 3854
1 401 24 69 39
Frame: 3855
1 393 22 69 39
Frame: 3856
1 388 19 67 38
Frame: 3857
1 379 16 66 38
Frame: 3858
1 373 15 65 38
Frame: 3859
1 366 11 66 40
Frame: 3860
1 358 8 66 39
Frame: 3861
1 353 8 64 36
Frame: 3862
1 347 6 62 36
Frame: 3863
1 341 4 63 34
Frame: 3864
1 333 0 63 39
Frame: 3865
1 327 0 63 37
Frame: 3866
1 320 0 64 34
Frame: 3867
1 315 0 63 33
Frame: 3868
1 310 0 63 32
Frame: 3869
1 304 0 61 31
Frame: 3870
1 298 0 62 29
Frame: 3871
1 293 0 61 27
Frame: 3872
Frame: 3873
Frame: 3874
Frame: 3875
Frame: 3876
2 269 0 49 12
Frame: 3877
Frame: 3878
Frame: 3879
Frame: 3880
Frame: 3881
Frame: 3882
Frame: 3883
Frame: 3884
Frame: 3885
Frame: 3886
Frame: 3887
Frame: 3888
Frame: 3889
Frame: 3890
Frame: 3891
Frame: 3892
Frame: 3893
Frame: 3894
Frame: 3895
Frame: 3896
Frame: 3897
Frame: 3898
Frame: 3899
2 207 19 100 29
Frame: 3900
2 203 16 100 30
Frame: 3901
2 199 13 100 31
Frame: 3902
2 195 12 97 30
Frame: 3903
2 193 10 97 30
Frame: 3904
2 187 9 100 30
Frame: 3905
2 184 8 98 29
Frame: 3906
2 182 7 95 27
Frame: 3907
2 179 5 96 27
Frame: 3908
2 172 4 101 27
Frame: 3909
2 170 3 96 27
Frame: 3910
2 167 3 94 27
Frame: 3911
2 164 0 97 24
Frame: 3912
2 157 0 97 23
Frame: 3913
Frame: 3914
Frame: 3915
Frame: 3916
Frame: 3917
Frame: 3918
Frame: 3919
Frame: 3920
Frame: 3921
Frame: 3922
Frame: 3923
Frame: 3924
Frame: 3925
Frame: 3926
Frame: 3927
Frame: 3928
Frame: 3929
Frame: 3930
1 227 42 66 38
Frame: 3931
1 218 38 65 37
Frame: 3932
1 211 35 63 36
Frame: 3933
1 204 32 63 35
Frame: 3934
1 197 30 61 34
Frame: 3935
1 190 26 61 34
Frame: 3936
1 182 24 61 35
Frame: 3937
1 175 22 62 34
Frame: 3938
1 171 20 57 32
Frame: 3939
1 164 17 58 33
Frame: 3940
1 158 14 56 32
Frame: 3941
1 150 12 58 32
Frame: 3942
1 146 10 56 32
Frame: 3943
1 140 6 56 32
Frame: 3944
1 134 5 55 31
Frame: 3945
1 128 3 55 30
Frame: 3946
1 124 1 52 29
Frame: 3947
1 118 0 54 28
Frame: 3948
1 114 0 54 26
Frame: 3949
1 111 0 49 22
Frame: 3950
Frame: 3951
Frame: 3952
Frame: 3953
Frame: 3954
Frame: 3955
Frame: 3956
Frame: 3957
Frame: 3958
Frame: 3959
Frame: 3960
Frame: 3961
Frame: 3962
Frame: 3963
Frame: 3964
Frame: 3965
Frame: 3966
Frame: 3967
Frame: 3968
Frame: 3969
Frame: 3970
Frame: 3971
Frame: 3972
Frame: 3973
Frame: 3974
Frame: 3975
Frame: 3976
Frame: 3977
Frame: 3978
Frame: 3979
Frame: 3980
Frame: 3981
Frame: 3982
Frame: 3983
Frame: 3984
Frame: 3985
Frame: 3986
Frame: 3987
Frame: 3988
Frame: 3989
Frame: 3990
Frame: 3991
Frame: 3992
Frame: 3993
Frame: 3994
Frame: 3995
Frame: 3996
Frame: 3997
Frame: 3998
1 411 133 68 48
Frame: 3999
1 398 119 81 54
Frame: 4000
1 381 110 89 52
Frame: 4001
1 364 102 88 51
Frame: 4002
1 349 94 84 49
Frame: 4003
1 333 86 84 47
Frame: 4004
1 319 77 82 48
Frame: 4005
1 304 70 83 46
Frame: 4006
1 291 63 81 45
Frame: 4007
1 278 56 78 45
Frame: 4008
1 266 51 76 42
Frame: 4009
1 255 44 75 41
Frame: 4010
1 242 39 75 40
Frame: 4011
1 230 33 74 40
Frame: 4012
1 223 27 70 39
Frame: 4013
1 212 23 70 38
Frame: 4014
1 201 17 69 38
Frame: 4015
1 193 13 67 38
Frame: 4016
1 184 8 66 36
Frame: 4017
1 177 4 64 35
Frame: 4018
1 167 1 64 34
Frame: 4019
1 160 0 65 32
Frame: 4020
Frame: 4021
1 148 0 60 24
Frame: 4022
2 143 0 55 20
Frame: 4023
Frame: 4024
Frame: 4025
Frame: 4026
Frame: 4027
Frame: 4028
Frame: 4029
Frame: 4030
Frame: 4031
Frame: 4032
Frame: 4033
Frame: 4034
Frame: 4035
Frame: 4036
Frame: 4037
Frame: 4038
Frame: 4039
Frame: 4040
Frame: 4041
Frame: 4042
Frame: 4043
Frame: 4044
Frame: 4045
Frame: 4046
Frame: 4047
Frame: 4048
Frame: 4049
Frame: 4050
Frame: 4051
Frame: 4052
Frame: 4053
Frame: 4054
Frame: 4055
Frame: 4056
Frame: 4057
1 56 0 37 19
Frame: 4058
Frame: 4059
Frame: 4060
Frame: 4061
Frame: 4062
Frame: 4063
Frame: 4064
Frame: 4065
Frame: 4066
Frame: 4067
Frame: 4068
Frame: 4069
Frame: 4070
Frame: 4071
Frame: 4072
Frame: 4073
Frame: 4074
Frame: 4075
Frame: 4076
Frame: 4077
Frame: 4078
Frame: 4079
Frame: 4080
Frame: 4081
Frame: 4082
Frame: 4083
1 425 69 54 46
Frame: 4084
1 419 68 60 45
Frame: 4085
1 412 64 67 47
Frame: 4086
1 405 60 74 48
Frame: 4087
1 400 58 79 48
Frame: 4088
1 392 52 85 49
Frame: 4089
1 388 48 87 52
Frame: 4090
1 381 46 86 50
Frame: 4091
1 376 44 85 50
Frame: 4092
1 369 41 87 51
Frame: 4093
1 364 39 84 49
Frame: 4094
1 357 38 85 48
Frame: 4095
1 352 33 84 51
Frame: 4096
1 349 32 82 49
Frame: 4097
1 343 30 80 50
Frame: 4098
1 338 29 82 47
Frame: 4099
1 333 27 83 48
Frame: 4100
1 328 25 80 47
Frame: 4101
1 323 21 79 47
Frame: 4102
1 317 20 81 47
Frame: 4103
1 311 17 80 47
Frame: 4104
1 308 15 76 45
Frame: 4105
1 302 14 79 46
Frame: 4106
1 299 13 75 43
Frame: 4107
1 295 11 75 44
Frame: 4108
1 291 10 76 43
Frame: 4109
1 286 7 75 45
Frame: 4110
1 281 5 74 44
Frame: 4111
1 278 4 73 44
Frame: 4112
1 273 2 72 42
Frame: 4113
1 270 1 72 42
Frame: 4114
1 265 0 72 41
Frame: 4115
1 263 1 68 37
Frame: 4116
1 258 0 67 36
Frame: 4117
1 253 0 69 34
Frame: 4118
1 248 0 70 34
Frame: 4119
1 245 0 68 32
Frame: 4120
Frame: 4121
Frame: 4122
Frame: 4123
Frame: 4124
Frame: 4125
Frame: 4126
Frame: 4127
Frame: 4128
Frame: 4129
Frame: 4130
Frame: 4131
Frame: 4132
Frame: 4133
Frame: 4134
Frame: 4135
Frame: 4136
Frame: 4137
Frame: 4138
Frame: 4139
Frame: 4140
Frame: 4141
Frame: 4142
Frame: 4143
Frame: 4144
Frame: 4145
Frame: 4146
2 262 44 114 37
Frame: 4147
2 250 39 116 37
Frame: 4148
2 247 35 111 37
Frame: 4149
2 239 33 112 34
Frame: 4150
2 233 28 110 36
Frame: 4151
2 223 24 113 35
Frame: 4152
2 221 22 106 34
Frame: 4153
2 215 19 103 33
Frame: 4154
2 210 15 101 35
Frame: 4155
2 205 13 102 33
Frame: 4156
2 196 9 104 32
Frame: 4157
2 193 8 99 32
Frame: 4158
2 185 6 100 31
Frame: 4159
2 180 4 99 31
Frame: 4160
2 176 1 97 33
Frame: 4161
2 173 1 94 29
Frame: 4162
Frame: 4163
Frame: 4164
Frame: 4165
Frame: 4166
Frame: 4167
Frame: 4168
Frame: 4169
Frame: 4170
Frame: 4171
Frame: 4172
Frame: 4173
Frame: 4174
Frame: 4175
Frame: 4176
Frame: 4177
Frame: 4178
Frame: 4179
Frame: 4180
Frame: 4181
Frame: 4182
Frame: 4183
Frame: 4184
Frame: 4185
Frame: 4186
Frame: 4187
2 256 46 115 40
Frame: 4188
2 247 43 114 39
Frame: 4189
2 233 38 118 39
Frame: 4190
2 231 34 115 40
Frame: 4191
2 225 30 111 38
Frame: 4192
2 216 25 112 39
Frame: 4193
2 209 22 110 37
Frame: 4194
2 203 19 110 37
Frame: 4195
2 198 16 106 37
Frame: 4196
2 191 13 106 34
Frame: 4197
2 186 9 104 35
Frame: 4198
2 180 7 103 34
Frame: 4199
2 172 4 104 35
Frame: 4200
2 166 3 106 33
Frame: 4201
2 163 1 100 34
Frame: 4202
2 161 2 96 31
Frame: 4203
2 156 0 94 27
Frame: 4204
Frame: 4205
Frame: 4206
Frame: 4207
Frame: 4208
Frame: 4209
Frame: 4210
Frame: 4211
Frame: 4212
Frame: 4213
Frame: 4214
Frame: 4215
Frame: 4216
Frame: 4217
Frame: 4218
Frame: 4219
Frame: 4220
Frame: 4221
Frame: 4222
Frame: 4223
Frame: 4224
Frame: 4225
Frame: 4226
Frame: 4227
1 409 41 68 31
Frame: 4228
2 398 36 81 32
Frame: 4229
2 388 30 87 34
Frame: 4230
2 379 26 98 35
Frame: 4231
2 371 22 106 35
Frame: 4232
2 361 19 115 32
Frame: 4233
2 353 13 114 35
Frame: 4234
2 344 9 112 36
Frame: 4235
2 334 6 116 35
Frame: 4236
2 328 5 112 32
Frame: 4237
2 318 3 114 29
Frame: 4238
2 311 3 110 27
Frame: 4239
2 307 0 103 24
Frame: 4240
Frame: 4241
Frame: 4242
Frame: 4243
Frame: 4244
Frame: 4245
Frame: 4246
Frame: 4247
Frame: 4248
Frame: 4249
Frame: 4250
Frame: 4251
Frame: 4252
Frame: 4253
Frame: 4254
Frame: 4255
Frame: 4256
Frame: 4257
Frame: 4258
Frame: 4259
Frame: 4260
Frame: 4261
Frame: 4262
Frame: 4263
Frame: 4264
Frame: 4265
Frame: 4266
Frame: 4267
Frame: 4268
Frame: 4269
Frame: 4270
Frame: 4271
Frame: 4272
Frame: 4273
Frame: 4274
Frame: 4275
Frame: 4276
Frame: 4277
Frame: 4278
Frame: 4279
Frame: 4280
1 415 152 64 38
Frame: 4281
1 402 146 70 39
Frame: 4282
1 395 138 77 40
Frame: 4283
2 383 132 96 39
Frame: 4284
2 373 126 106 40
Frame: 4285
2 361 117 118 43
Frame: 4286
2 351 111 128 43
Frame: 4287
2 340 106 127 41
Frame: 4288
2 329 101 135 42
Frame: 4289
2 323 95 132 42
Frame: 4290
2 312 92 128 41
Frame: 4291
2 302 87 130 40
Frame: 4292
2 294 83 127 41
Frame: 4293
2 290 79 124 40
Frame: 4294
2 279 74 122 40
Frame: 4295
2 271 71 122 39
Frame: 4296
2 263 68 121 38
Frame: 4297
2 257 64 120 37
Frame: 4298
2 248 61 117 38
Frame: 4299
2 242 56 118 38
Frame: 4300
2 233 54 118 37
Frame: 4301
2 229 51 116 35
Frame: 4302
2 221 48 116 34
Frame: 4303
2 215 44 113 35
Frame: 4304
2 210 41 111 35
Frame: 4305
2 204 38 109 35
Frame: 4306
2 200 36 108 34
Frame: 4307
2 192 33 111 33
Frame: 4308
2 187 31 107 32
Frame: 4309
2 181 28 105 32
Frame: 4310
2 176 25 106 33
Frame: 4311
2 172 24 102 31
Frame: 4312
2 167 21 103 31
Frame: 4313
2 162 20 101 30
