Frame: 0
Frame: 1
Frame: 2
1 104 141 33 55
Frame: 3
1 107 142 35 58
Frame: 4
1 109 142 37 60
Frame: 5
1 112 140 40 67
Frame: 6
1 114 138 44 72
Frame: 7
1 118 136 45 74
Frame: 8
1 123 134 43 72
Frame: 9
1 127 131 44 79
Frame: 10
1 132 131 42 80
Frame: 11
1 138 132 39 79
Frame: 12
1 145 132 34 79
Frame: 13
1 151 132 31 81
Frame: 14
1 154 131 31 84
Frame: 15
1 157 129 33 86
Frame: 16
1 159 126 36 89
Frame: 17
1 161 125 38 87
Frame: 18
1 162 124 45 89
Frame: 19
1 165 120 45 92
Frame: 20
1 165 122 48 91
Frame: 21
1 170 122 49 91
Frame: 22
1 178 121 46 93
Frame: 23
1 187 122 43 92
Frame: 24
1 194 119 43 95
Frame: 25
1 198 116 43 95
Frame: 26
1 201 116 43 93
Frame: 27
1 204 113 44 98
Frame: 28
1 207 112 46 99
Frame: 29
1 213 112 43 95
Frame: 30
1 218 112 41 93
Frame: 31
1 224 110 38 94
Frame: 32
1 231 109 35 95
Frame: 33
1 236 107 33 94
Frame: 34
1 240 106 32 93
Frame: 35
1 241 103 36 93
Frame: 36
1 241 99 42 104
Frame: 37
1 243 96 49 106
Frame: 38
1 246 97 50 103
Frame: 39
1 249 98 50 103
Frame: 40
1 255 98 46 101
Frame: 41
1 262 99 42 98
Frame: 42
1 269 100 41 94
Frame: 43
1 275 99 40 92
Frame: 44
1 278 97 40 91
Frame: 45
1 281 95 40 92
Frame: 46
1 285 94 38 90
Frame: 47
1 288 93 38 89
Frame: 48
1 292 93 37 88
Frame: 49
1 296 93 37 88
Frame: 50
1 300 91 35 89
Frame: 51
1 305 91 34 86
Frame: 52
1 311 90 31 86
Frame: 53
1 315 88 29 89
Frame: 54
1 318 89 29 88
Frame: 55
1 319 89 32 87
Frame: 56
1 320 87 37 88
Frame: 57
1 321 85 38 88
Frame: 58
1 323 83 40 91
Frame: 59
1 326 82 39 90
Frame: 60
1 333 87 37 82
Frame: 61
1 338 87 37 81
Frame: 62
1 342 86 40 84
Frame: 63
1 342 85 40 86
Frame: 64
1 344 83 39 86
Frame: 65
1 347 81 36 86
Frame: 66
1 348 78 35 84
Frame: 67
1 348 75 35 82
Frame: 68
1 353 75 30 82
Frame: 69
1 357 70 26 90
Frame: 70
Frame: 71
Frame: 72
Frame: 73
Frame: 74
Frame: 75
Frame: 76
Frame: 77
Frame: 78
Frame: 79
Frame: 80
Frame: 81
Frame: 82
Frame: 83
Frame: 84
Frame: 85
Frame: 86
Frame: 87
Frame: 88
Frame: 89
Frame: 90
Frame: 91
Frame: 92
Frame: 93
Frame: 94
Frame: 95
Frame: 96
Frame: 97
Frame: 98
Frame: 99
Frame: 100
Frame: 101
Frame: 102
Frame: 103
Frame: 104
Frame: 105
Frame: 106
Frame: 107
Frame: 108
Frame: 109
Frame: 110
Frame: 111
Frame: 112
Frame: 113
Frame: 114
Frame: 115
Frame: 116
Frame: 117
Frame: 118
Frame: 119
Frame: 120
Frame: 121
Frame: 122
Frame: 123
Frame: 124
Frame: 125
Frame: 126
Frame: 127
Frame: 128
Frame: 129
Frame: 130
Frame: 131
Frame: 132
Frame: 133
Frame: 134
Frame: 135
Frame: 136
Frame: 137
Frame: 138
Frame: 139
Frame: 140
Frame: 141
Frame: 142
Frame: 143
6 324 37 20 68
Frame: 144
6 319 36 24 68
Frame: 145
6 313 38 28 65
Frame: 146
6 311 37 28 66
Frame: 147
6 308 36 30 68
Frame: 148
6 308 35 28 67
Frame: 149
6 308 34 26 69
Frame: 150
6 307 33 25 70
Frame: 151
6 306 32 25 72
Frame: 152
6 304 32 25 72
Frame: 153
6 301 32 25 71
Frame: 154
6 299 33 25 71
Frame: 155
6 297 32 25 72
Frame: 156
6 295 33 26 70
Frame: 157
6 292 33 27 69
Frame: 158
6 289 34 28 69
Frame: 159
6 287 34 29 69
Frame: 160
6 287 33 29 69
Frame: 161
6 286 32 30 70
Frame: 162
6 286 33 28 69
Frame: 163
6 284 34 28 68
Frame: 164
6 283 33 29 70
Frame: 165
6 282 33 27 70
Frame: 166
6 282 32 25 70
Frame: 167
6 282 32 22 69
Frame: 168
6 282 31 20 69
Frame: 169
6 280 30 21 71
Frame: 170
6 278 30 22 70
Frame: 171
6 276 31 22 69
Frame: 172
6 276 31 22 69
Frame: 173
6 275 30 22 70
Frame: 174
6 274 30 23 70
Frame: 175
6 273 30 23 69
Frame: 176
6 273 29 23 71
Frame: 177
6 274 29 21 70
Frame: 178
6 274 29 20 69
Frame: 179
6 273 28 21 69
Frame: 180
6 272 29 22 68
Frame: 181
6 271 27 21 70
Frame: 182
6 270 28 21 68
Frame: 183
6 269 29 21 68
Frame: 184
6 269 28 21 68
Frame: 185
6 267 28 23 68
Frame: 186
6 266 29 23 66
Frame: 187
6 265 30 23 66
Frame: 188
6 265 29 23 67
Frame: 189
6 264 30 22 65
Frame: 190
6 263 29 23 66
Frame: 191
6 263 29 23 66
Frame: 192
6 262 29 24 64
Frame: 193
6 262 28 24 64
Frame: 194
6 262 28 23 64
Frame: 195
6 261 28 23 65
Frame: 196
6 260 29 23 65
Frame: 197
6 260 29 23 66
Frame: 198
6 260 30 22 65
Frame: 199
6 260 30 23 64
Frame: 200
6 260 30 22 64
Frame: 201
6 260 30 22 64
Frame: 202
6 260 30 22 63
Frame: 203
6 259 30 23 63
Frame: 204
6 259 30 22 64
Frame: 205
6 259 29 22 65
Frame: 206
6 259 29 22 64
Frame: 207
6 258 30 23 63
Frame: 208
6 259 28 22 65
Frame: 209
6 259 28 22 65
Frame: 210
6 259 29 21 64
Frame: 211
6 259 28 21 66
Frame: 212
6 258 26 22 68
Frame: 213
6 258 26 21 67
Frame: 214
6 258 27 21 66
Frame: 215
6 258 28 22 66
Frame: 216
6 258 26 22 68
Frame: 217
6 258 24 21 69
Frame: 218
6 258 25 21 68
Frame: 219
6 258 27 21 66
Frame: 220
6 258 28 20 66
Frame: 221
6 258 28 20 66
Frame: 222
6 258 28 20 66
Frame: 223
6 258 28 20 67
Frame: 224
6 257 27 20 68
Frame: 225
6 257 26 21 69
Frame: 226
6 256 27 21 67
Frame: 227
6 256 27 21 66
Frame: 228
6 257 27 20 61
Frame: 229
6 258 28 17 49
Frame: 230
Frame: 231
Frame: 232
Frame: 233
Frame: 234
Frame: 235
6 255 23 21 70
Frame: 236
6 254 24 23 69
Frame: 237
6 254 24 23 69
Frame: 238
6 254 25 23 69
Frame: 239
6 254 23 23 70
Frame: 240
6 253 24 23 69
Frame: 241
6 253 25 23 68
Frame: 242
6 253 25 23 68
Frame: 243
6 253 25 22 68
Frame: 244
6 252 26 23 66
Frame: 245
6 252 25 23 67
Frame: 246
6 252 24 22 68
Frame: 247
6 251 25 22 67
Frame: 248
6 250 25 23 66
Frame: 249
6 250 26 23 65
Frame: 250
6 250 26 23 65
Frame: 251
6 250 26 22 64
Frame: 252
6 249 25 23 66
Frame: 253
6 249 25 22 66
Frame: 254
6 248 24 22 68
Frame: 255
6 248 23 23 69
Frame: 256
6 248 22 22 69
Frame: 257
6 248 21 22 70
Frame: 258
6 248 22 22 69
Frame: 259
6 249 22 21 68
Frame: 260
6 248 23 22 67
Frame: 261
6 248 23 22 68
Frame: 262
6 247 23 22 68
Frame: 263
6 247 24 22 67
Frame: 264
6 246 24 23 67
Frame: 265
6 246 23 23 68
Frame: 266
6 246 23 23 68
Frame: 267
6 245 23 24 67
Frame: 268
6 246 22 22 67
Frame: 269
6 245 23 22 67
Frame: 270
6 246 23 22 67
Frame: 271
6 245 24 21 66
Frame: 272
6 245 23 22 67
Frame: 273
6 246 22 21 67
Frame: 274
6 246 22 20 67
Frame: 275
6 246 22 20 67
Frame: 276
6 246 22 20 67
Frame: 277
6 246 22 20 67
Frame: 278
6 247 22 19 67
Frame: 279
6 247 22 19 68
Frame: 280
6 247 22 19 68
Frame: 281
6 247 22 19 68
Frame: 282
6 247 21 19 69
Frame: 283
6 246 22 20 68
Frame: 284
6 246 22 20 68
Frame: 285
6 246 22 20 68
Frame: 286
6 246 22 20 68
Frame: 287
6 247 22 19 68
Frame: 288
6 247 22 19 68
Frame: 289
6 247 22 19 67
Frame: 290
6 247 22 19 68
Frame: 291
6 247 22 19 68
Frame: 292
6 247 22 19 68
Frame: 293
6 247 22 19 68
Frame: 294
6 247 22 19 68
Frame: 295
6 247 22 19 68
Frame: 296
6 247 22 19 68
Frame: 297
6 246 21 20 69
Frame: 298
6 246 22 20 68
Frame: 299
6 246 22 20 68
Frame: 300
6 246 22 20 68
Frame: 301
6 246 23 20 67
Frame: 302
6 246 23 20 67
Frame: 303
6 246 23 20 67
Frame: 304
6 246 23 20 67
Frame: 305
6 246 23 20 67
Frame: 306
6 245 23 21 67
Frame: 307
6 245 24 21 66
Frame: 308
6 245 25 21 65
Frame: 309
6 245 25 21 65
Frame: 310
6 245 26 21 64
Frame: 311
6 245 26 21 63
Frame: 312
6 245 25 21 65
Frame: 313
6 245 25 21 64
Frame: 314
6 245 25 20 65
Frame: 315
6 245 25 21 64
Frame: 316
6 245 25 21 64
Frame: 317
6 245 25 21 64
Frame: 318
6 245 25 21 64
Frame: 319
6 245 25 21 64
Frame: 320
6 245 25 21 64
Frame: 321
6 245 25 20 64
Frame: 322
6 245 25 20 65
Frame: 323
6 245 24 21 66
Frame: 324
6 245 24 21 66
Frame: 325
6 245 24 20 66
Frame: 326
6 245 24 21 66
Frame: 327
6 245 24 20 67
Frame: 328
6 245 24 20 67
Frame: 329
6 245 24 20 66
Frame: 330
6 244 23 21 67
Frame: 331
6 244 24 21 66
Frame: 332
6 244 24 21 67
Frame: 333
6 244 24 20 67
Frame: 334
6 244 24 21 66
Frame: 335
6 243 24 22 67
Frame: 336
6 243 23 22 67
Frame: 337
6 243 23 22 67
Frame: 338
6 242 24 23 66
Frame: 339
6 242 24 23 67
Frame: 340
6 242 24 23 67
Frame: 341
6 242 24 22 67
Frame: 342
6 241 24 22 67
Frame: 343
6 241 23 23 68
Frame: 344
6 241 24 22 67
Frame: 345
6 240 23 23 68
Frame: 346
6 239 23 24 68
Frame: 347
6 239 22 23 69
Frame: 348
6 238 22 24 68
Frame: 349
6 237 22 25 68
Frame: 350
6 237 23 25 67
Frame: 351
6 237 23 25 67
Frame: 352
6 236 23 25 67
Frame: 353
6 236 23 25 67
Frame: 354
6 236 23 24 66
Frame: 355
6 236 23 23 67
Frame: 356
6 236 23 22 68
Frame: 357
6 235 23 23 68
Frame: 358
6 235 23 23 69
Frame: 359
6 235 22 22 70
Frame: 360
6 235 22 22 69
Frame: 361
6 234 23 22 68
Frame: 362
6 233 24 23 67
Frame: 363
6 233 23 22 68
Frame: 364
6 233 24 22 67
Frame: 365
6 233 23 21 68
Frame: 366
6 232 23 22 68
Frame: 367
6 231 23 22 67
Frame: 368
6 231 23 22 67
Frame: 369
6 230 23 22 67
Frame: 370
6 230 23 22 67
Frame: 371
6 229 23 22 68
Frame: 372
6 229 23 22 67
Frame: 373
6 228 23 23 67
Frame: 374
6 228 23 23 67
Frame: 375
6 228 23 21 67
Frame: 376
6 227 23 21 68
Frame: 377
6 227 24 21 67
Frame: 378
6 226 24 21 67
Frame: 379
6 226 24 21 68
Frame: 380
6 225 24 21 69
Frame: 381
6 225 24 20 68
Frame: 382
6 224 23 21 69
Frame: 383
6 224 23 21 68
Frame: 384
6 223 22 22 70
Frame: 385
6 222 23 23 70
Frame: 386
6 221 23 23 70
Frame: 387
6 220 24 24 69
Frame: 388
6 219 25 25 67
Frame: 389
6 218 24 26 70
Frame: 390
6 217 26 26 68
Frame: 391
6 217 27 25 67
Frame: 392
6 215 28 27 66
Frame: 393
6 214 28 27 65
Frame: 394
6 213 29 26 64
Frame: 395
6 213 31 25 62
Frame: 396
6 210 29 25 63
Frame: 397
6 209 30 22 61
Frame: 398
6 209 30 22 62
Frame: 399
6 207 30 22 65
Frame: 400
6 206 32 22 63
Frame: 401
6 204 32 24 65
Frame: 402
6 202 31 26 66
Frame: 403
6 199 33 28 66
Frame: 404
6 196 34 31 66
Frame: 405
6 194 34 33 66
Frame: 406
6 193 34 28 68
Frame: 407
6 191 35 24 67
Frame: 408
6 190 34 22 68
Frame: 409
6 188 35 22 67
Frame: 410
6 184 36 24 65
Frame: 411
6 180 37 26 67
Frame: 412
6 176 37 28 69
Frame: 413
6 172 37 32 70
Frame: 414
6 170 38 33 69
Frame: 415
6 169 39 33 68
Frame: 416
6 166 39 34 67
Frame: 417
6 163 40 34 70
Frame: 418
6 163 40 30 72
Frame: 419
6 162 41 29 71
Frame: 420
6 162 41 27 69
Frame: 421
6 161 41 25 70
Frame: 422
6 162 40 22 70
Frame: 423
6 160 39 23 71
Frame: 424
6 154 40 28 71
Frame: 425
6 150 41 32 69
Frame: 426
6 147 42 35 69
Frame: 427
6 145 42 35 70
Frame: 428
6 145 43 33 69
Frame: 429
6 143 42 30 70
Frame: 430
6 142 42 28 69
Frame: 431
6 141 41 25 70
Frame: 432
6 139 42 24 68
Frame: 433
6 136 41 25 71
Frame: 434
6 133 42 26 70
Frame: 435
6 130 43 28 71
Frame: 436
6 126 45 30 70
Frame: 437
6 123 45 34 71
Frame: 438
6 120 46 35 71
Frame: 439
6 119 47 34 71
Frame: 440
6 116 47 35 72
Frame: 441
6 115 47 32 72
Frame: 442
6 115 47 29 72
Frame: 443
6 116 46 26 73
Frame: 444
6 115 46 24 73
Frame: 445
6 114 46 23 75
Frame: 446
6 109 47 26 75
Frame: 447
6 104 47 30 76
Frame: 448
6 100 49 33 74
Frame: 449
6 98 50 35 74
Frame: 450
6 97 52 35 73
Frame: 451
6 96 53 33 71
Frame: 452
6 97 53 29 71
Frame: 453
6 95 52 26 72
Frame: 454
6 94 52 23 71
Frame: 455
6 90 51 25 73
Frame: 456
6 86 51 27 75
Frame: 457
6 83 52 28 75
Frame: 458
6 80 53 29 74
Frame: 459
6 76 53 31 76
Frame: 460
6 73 55 34 74
Frame: 461
6 71 56 35 73
Frame: 462
6 68 56 37 74
Frame: 463
6 66 57 36 74
Frame: 464
6 64 57 35 73
Frame: 465
6 62 56 33 76
Frame: 466
6 63 55 29 76
Frame: 467
6 63 55 27 77
Frame: 468
6 62 55 25 78
Frame: 469
6 56 56 30 78
Frame: 470
6 51 57 35 78
Frame: 471
6 48 58 37 77
Frame: 472
6 47 58 37 78
Frame: 473
6 46 60 37 75
Frame: 474
6 45 59 36 78
Frame: 475
6 44 59 34 79
Frame: 476
6 43 59 31 80
Frame: 477
6 41 58 28 81
Frame: 478
6 38 59 27 79
Frame: 479
6 34 58 28 83
Frame: 480
6 30 59 29 84
Frame: 481
6 27 60 30 83
Frame: 482
6 24 61 32 84
Frame: 483
6 20 63 36 83
Frame: 484
6 17 65 38 81
Frame: 485
6 13 67 40 79
Frame: 486
6 9 66 41 79
Frame: 487
6 9 64 36 79
Frame: 488
6 10 65 32 79
Frame: 489
6 8 66 31 80
Frame: 490
6 9 66 28 80
Frame: 491
6 7 66 29 81
Frame: 492
6 5 66 30 81
Frame: 493
6 3 67 31 81
Frame: 494
6 2 68 33 81
Frame: 495
6 1 70 36 83
Frame: 496
6 1 72 37 90
Frame: 497
10 0 69 19 55
Frame: 498
10 0 71 17 54
11 0 77 8 45
Frame: 499
11 0 78 10 43
Frame: 500
11 0 79 7 43
Frame: 501
Frame: 502
Frame: 503
Frame: 504
Frame: 505
Frame: 506
Frame: 507
Frame: 508
Frame: 509
Frame: 510
Frame: 511
Frame: 512
Frame: 513
Frame: 514
Frame: 515
Frame: 516
Frame: 517
Frame: 518
Frame: 519
Frame: 520
Frame: 521
Frame: 522
Frame: 523
Frame: 524
Frame: 525
Frame: 526
Frame: 527
Frame: 528
Frame: 529
Frame: 530
Frame: 531
Frame: 532
Frame: 533
Frame: 534
Frame: 535
Frame: 536
Frame: 537
Frame: 538
