Frame: 0
-1 -1 305 105 317 101 323 117 -1 -1 291 107 279 129 279 147 317 143 297 153 303 175 303 143 281 155 289 183 -1 -1 -1 -1 307 89 293 89 
Frame: 1
-1 -1 301 109 313 107 321 123 -1 -1 287 113 279 133 275 147 317 145 299 153 303 175 303 147 281 153 287 181 -1 -1 -1 -1 301 95 291 95 
Frame: 2
-1 -1 299 115 311 111 319 127 -1 -1 287 119 279 137 271 147 315 149 293 147 301 173 303 151 277 153 289 179 -1 -1 -1 -1 299 99 287 103 
Frame: 3
-1 -1 299 117 311 113 313 125 -1 -1 287 123 277 139 269 147 313 149 293 149 301 169 301 151 273 153 289 177 -1 -1 -1 -1 297 101 287 107 
Frame: 4
-1 -1 299 119 307 113 309 121 -1 -1 289 125 279 141 267 145 309 149 293 149 299 169 299 151 271 153 287 175 -1 -1 -1 -1 295 103 285 109 
Frame: 5
281 113 297 117 303 113 309 123 -1 -1 287 125 279 143 263 147 309 147 287 149 297 169 301 151 271 153 285 177 -1 -1 281 109 293 107 285 109 
Frame: 6
277 113 293 117 297 115 293 135 291 141 287 123 279 141 261 155 309 143 287 149 301 167 305 145 279 153 289 177 277 111 279 111 -1 -1 285 109 
Frame: 7
277 115 291 117 291 115 289 131 -1 -1 289 121 285 137 271 151 309 137 285 151 301 169 305 141 283 153 295 177 275 113 279 111 -1 -1 283 109 
Frame: 8
277 113 289 117 287 115 289 129 275 143 289 117 -1 -1 -1 -1 305 137 285 151 303 165 305 137 287 151 297 175 275 111 277 109 -1 -1 283 109 -1 -1 -1 -1 -1 -1 -1 -1 -1 -1 289 117 287 133 275 147 -1 -1 -1 -1 -1 -1 -1 -1 -1 -1 -1 -1 -1 -1 -1 -1 -1 -1 283 109 
Frame: 9
277 109 285 117 279 119 283 129 283 139 291 113 291 125 281 137 295 137 283 151 299 165 305 135 289 149 303 169 275 109 277 107 269 109 283 107 
Frame: 10
275 109 285 115 279 119 285 127 287 133 291 109 297 117 289 129 297 135 285 147 301 163 305 129 303 145 311 163 273 109 277 107 269 111 281 105 
Frame: 11
275 111 283 113 277 119 283 129 285 135 289 107 299 111 287 135 293 133 285 145 299 159 305 127 305 131 315 147 273 109 275 109 269 113 279 107 
Frame: 12
277 111 283 111 279 117 279 125 275 131 289 105 299 101 -1 -1 297 127 291 145 299 155 307 123 303 135 319 141 273 109 277 109 275 111 279 107 
Frame: 13
277 109 285 111 279 115 277 125 271 129 291 105 301 97 295 103 297 125 293 135 295 153 307 121 299 131 299 147 275 109 279 107 277 109 281 107 
Frame: 14
279 109 291 109 285 113 279 121 265 123 293 105 303 99 309 95 299 121 291 131 293 149 309 119 295 129 295 153 277 107 281 107 281 107 287 105 
Frame: 15
279 109 291 109 285 115 275 121 259 125 297 107 303 107 323 127 299 121 293 129 295 151 309 119 293 131 293 143 -1 -1 281 107 285 107 289 105 
Frame: 16
277 109 289 109 283 115 275 121 261 121 287 109 -1 -1 -1 -1 299 121 295 135 295 151 311 117 323 135 329 133 -1 -1 277 107 -1 -1 279 107 -1 -1 -1 -1 -1 -1 -1 -1 -1 -1 287 109 273 119 257 121 -1 -1 -1 -1 -1 -1 -1 -1 -1 -1 -1 -1 -1 -1 -1 -1 -1 -1 279 107 
Frame: 17
277 109 285 107 281 109 247 107 247 109 287 109 271 121 255 121 297 121 295 137 295 153 307 115 295 131 297 155 277 107 -1 -1 -1 -1 281 107 
Frame: 18
277 109 285 109 283 111 273 119 -1 -1 287 109 273 121 257 123 299 121 297 135 295 155 309 117 319 131 329 149 277 105 279 107 277 107 281 105 
Frame: 19
277 109 285 109 283 111 271 119 263 115 285 111 -1 -1 -1 -1 299 121 299 133 299 153 309 117 321 133 331 153 277 105 277 107 277 107 281 105 -1 -1 -1 -1 -1 -1 -1 -1 -1 -1 285 111 271 121 255 121 -1 -1 -1 -1 -1 -1 -1 -1 -1 -1 -1 -1 -1 -1 -1 -1 -1 -1 281 105 
Frame: 20
277 109 285 109 283 111 271 119 261 119 287 111 275 119 257 121 301 123 303 137 301 155 311 117 323 133 333 153 277 103 279 107 -1 -1 281 105 
Frame: 21
277 111 289 111 283 115 273 119 261 119 291 109 303 131 301 153 303 123 305 137 305 157 313 117 325 131 335 153 277 103 279 109 -1 -1 283 107 
Frame: 22
277 113 287 111 283 115 275 117 261 117 291 109 307 129 -1 -1 303 123 307 137 307 157 315 119 325 131 335 153 -1 -1 279 109 -1 -1 283 107 
Frame: 23
277 113 287 109 283 115 273 119 261 119 289 111 275 119 253 111 303 125 309 139 309 155 315 119 325 133 335 153 -1 -1 279 109 -1 -1 283 107 
Frame: 24
277 111 287 109 283 113 273 119 261 117 291 109 -1 -1 -1 -1 305 123 309 137 311 155 313 119 325 133 335 153 -1 -1 279 109 -1 -1 283 107 -1 -1 -1 -1 -1 -1 -1 -1 -1 -1 -1 -1 -1 -1 -1 -1 141 91 153 113 161 133 -1 -1 -1 -1 -1 -1 -1 -1 -1 -1 -1 -1 -1 -1 -1 -1 -1 -1 -1 -1 -1 -1 -1 -1 -1 -1 -1 -1 -1 -1 -1 -1 -1 -1 -1 -1 143 91 153 113 159 137 -1 -1 -1 -1 -1 -1 -1 -1 
Frame: 25
275 111 287 109 283 113 271 119 261 117 289 109 275 119 255 117 305 123 309 137 311 155 311 119 325 133 335 153 -1 -1 279 109 -1 -1 283 107 -1 -1 -1 -1 -1 -1 -1 -1 -1 -1 -1 -1 -1 -1 -1 -1 147 95 155 113 161 133 -1 -1 -1 -1 -1 -1 -1 -1 -1 -1 -1 -1 -1 -1 -1 -1 -1 -1 -1 -1 -1 -1 -1 -1 -1 -1 -1 -1 -1 -1 -1 -1 -1 -1 -1 -1 145 95 151 113 159 135 -1 -1 -1 -1 -1 -1 -1 -1 
Frame: 26
273 113 287 109 283 113 273 117 261 117 289 109 275 119 255 117 303 123 309 137 311 155 313 117 325 133 337 153 -1 -1 279 109 -1 -1 283 107 -1 -1 -1 -1 -1 -1 -1 -1 -1 -1 -1 -1 -1 -1 -1 -1 147 95 155 113 161 133 -1 -1 -1 -1 -1 -1 -1 -1 -1 -1 -1 -1 -1 -1 -1 -1 -1 -1 -1 -1 -1 -1 -1 -1 -1 -1 -1 -1 -1 -1 -1 -1 -1 -1 -1 -1 145 95 153 113 159 135 -1 -1 -1 -1 -1 -1 -1 -1 
Frame: 27
275 111 287 109 283 113 273 117 261 117 289 109 275 119 255 117 303 123 307 137 311 155 313 117 325 133 335 153 -1 -1 279 109 -1 -1 283 107 -1 -1 -1 -1 -1 -1 -1 -1 -1 -1 -1 -1 -1 -1 -1 -1 147 95 155 113 161 133 -1 -1 -1 -1 -1 -1 -1 -1 -1 -1 -1 -1 -1 -1 -1 -1 -1 -1 -1 -1 -1 -1 -1 -1 -1 -1 -1 -1 -1 -1 -1 -1 -1 -1 -1 -1 145 95 153 113 159 135 -1 -1 -1 -1 -1 -1 -1 -1 
Frame: 28
275 111 285 109 283 111 273 117 261 117 289 109 277 119 257 117 303 123 307 137 311 157 313 117 325 133 337 153 -1 -1 279 109 -1 -1 281 107 -1 -1 -1 -1 -1 -1 -1 -1 -1 -1 -1 -1 -1 -1 -1 -1 147 95 155 113 161 133 -1 -1 -1 -1 -1 -1 -1 -1 -1 -1 -1 -1 -1 -1 -1 -1 -1 -1 -1 -1 -1 -1 -1 -1 -1 -1 -1 -1 -1 -1 -1 -1 -1 -1 -1 -1 145 95 153 113 159 135 -1 -1 -1 -1 -1 -1 -1 -1 
Frame: 29
273 111 285 109 283 109 273 117 261 117 287 109 277 117 257 117 303 123 309 137 311 157 311 117 325 133 337 153 -1 -1 279 109 -1 -1 281 107 -1 -1 -1 -1 -1 -1 -1 -1 -1 -1 -1 -1 -1 -1 -1 -1 147 97 155 113 161 135 -1 -1 -1 -1 -1 -1 -1 -1 -1 -1 -1 -1 -1 -1 -1 -1 -1 -1 -1 -1 -1 -1 -1 -1 -1 -1 -1 -1 -1 -1 -1 -1 -1 -1 -1 -1 145 95 153 113 157 133 -1 -1 -1 -1 -1 -1 -1 -1 
Frame: 30
-1 -1 -1 -1 285 109 273 117 261 117 -1 -1 -1 -1 -1 -1 -1 -1 -1 -1 -1 -1 -1 -1 -1 -1 -1 -1 -1 -1 -1 -1 -1 -1 -1 -1 -1 -1 -1 -1 -1 -1 -1 -1 -1 -1 287 109 277 119 257 117 -1 -1 -1 -1 -1 -1 -1 -1 -1 -1 -1 -1 -1 -1 -1 -1 -1 -1 281 107 273 111 287 109 -1 -1 -1 -1 -1 -1 -1 -1 -1 -1 -1 -1 305 121 309 137 311 157 309 119 325 133 337 153 -1 -1 -1 -1 -1 -1 -1 -1 -1 -1 -1 -1 -1 -1 -1 -1 -1 -1 -1 -1 -1 -1 -1 -1 147 97 155 113 161 135 -1 -1 -1 -1 -1 -1 -1 -1 -1 -1 -1 -1 -1 -1 -1 -1 -1 -1 -1 -1 -1 -1 -1 -1 -1 -1 -1 -1 -1 -1 -1 -1 -1 -1 -1 -1 145 95 153 111 157 133 -1 -1 -1 -1 -1 -1 -1 -1 
Frame: 31
273 111 287 109 291 101 -1 -1 -1 -1 -1 -1 -1 -1 -1 -1 305 121 309 137 311 155 311 117 325 133 337 153 -1 -1 -1 -1 -1 -1 -1 -1 -1 -1 -1 -1 285 109 271 117 261 117 -1 -1 -1 -1 -1 -1 -1 -1 -1 -1 -1 -1 -1 -1 -1 -1 -1 -1 -1 -1 -1 -1 -1 -1 -1 -1 -1 -1 -1 -1 -1 -1 -1 -1 -1 -1 287 109 277 119 257 117 -1 -1 -1 -1 -1 -1 -1 -1 -1 -1 -1 -1 -1 -1 -1 -1 -1 -1 281 107 -1 -1 -1 -1 -1 -1 -1 -1 -1 -1 -1 -1 -1 -1 -1 -1 147 97 155 113 161 135 -1 -1 -1 -1 -1 -1 -1 -1 -1 -1 -1 -1 -1 -1 -1 -1 -1 -1 -1 -1 -1 -1 -1 -1 -1 -1 -1 -1 -1 -1 -1 -1 -1 -1 -1 -1 145 95 153 111 157 133 -1 -1 -1 -1 -1 -1 -1 -1 
Frame: 32
-1 -1 -1 -1 285 109 271 117 261 117 -1 -1 -1 -1 -1 -1 -1 -1 -1 -1 -1 -1 -1 -1 -1 -1 -1 -1 -1 -1 -1 -1 -1 -1 -1 -1 -1 -1 -1 -1 -1 -1 -1 -1 -1 -1 287 109 277 117 257 117 -1 -1 -1 -1 -1 -1 -1 -1 -1 -1 -1 -1 -1 -1 -1 -1 -1 -1 281 107 273 111 285 109 -1 -1 -1 -1 -1 -1 -1 -1 -1 -1 -1 -1 305 121 309 137 311 155 311 117 325 133 337 153 -1 -1 -1 -1 -1 -1 -1 -1 -1 -1 -1 -1 -1 -1 -1 -1 -1 -1 -1 -1 -1 -1 -1 -1 147 97 155 113 161 135 -1 -1 -1 -1 -1 -1 -1 -1 -1 -1 -1 -1 -1 -1 -1 -1 -1 -1 -1 -1 -1 -1 -1 -1 -1 -1 -1 -1 -1 -1 -1 -1 -1 -1 -1 -1 145 93 153 111 157 133 -1 -1 -1 -1 -1 -1 -1 -1 
Frame: 33
-1 -1 -1 -1 283 109 271 117 263 117 -1 -1 -1 -1 -1 -1 -1 -1 -1 -1 -1 -1 -1 -1 -1 -1 -1 -1 -1 -1 -1 -1 -1 -1 -1 -1 -1 -1 -1 -1 -1 -1 -1 -1 -1 -1 285 109 275 119 257 117 -1 -1 -1 -1 -1 -1 -1 -1 -1 -1 -1 -1 -1 -1 -1 -1 -1 -1 281 107 273 111 285 109 -1 -1 -1 -1 -1 -1 -1 -1 -1 -1 -1 -1 305 121 309 137 311 157 311 117 325 133 335 153 -1 -1 -1 -1 -1 -1 -1 -1 -1 -1 -1 -1 -1 -1 -1 -1 -1 -1 -1 -1 -1 -1 -1 -1 147 97 155 113 161 135 -1 -1 -1 -1 -1 -1 -1 -1 -1 -1 -1 -1 -1 -1 -1 -1 -1 -1 -1 -1 -1 -1 -1 -1 -1 -1 -1 -1 -1 -1 -1 -1 -1 -1 -1 -1 145 93 153 111 157 133 -1 -1 -1 -1 -1 -1 -1 -1 
Frame: 34
273 111 285 109 -1 -1 -1 -1 -1 -1 287 109 275 119 257 117 305 121 309 137 311 157 311 117 325 133 335 153 -1 -1 -1 -1 -1 -1 281 107 -1 -1 -1 -1 283 109 271 117 263 117 -1 -1 -1 -1 -1 -1 -1 -1 -1 -1 -1 -1 -1 -1 -1 -1 -1 -1 -1 -1 -1 -1 -1 -1 -1 -1 -1 -1 -1 -1 -1 -1 -1 -1 -1 -1 -1 -1 -1 -1 -1 -1 147 97 155 113 163 135 -1 -1 -1 -1 -1 -1 -1 -1 -1 -1 -1 -1 -1 -1 -1 -1 -1 -1 -1 -1 -1 -1 -1 -1 -1 -1 -1 -1 -1 -1 -1 -1 -1 -1 -1 -1 145 93 153 111 157 133 -1 -1 -1 -1 -1 -1 -1 -1 
Frame: 35
273 111 285 109 -1 -1 -1 -1 -1 -1 287 109 275 119 257 117 305 121 309 137 311 157 311 117 325 133 335 153 -1 -1 -1 -1 -1 -1 281 107 -1 -1 -1 -1 283 109 271 117 263 117 -1 -1 -1 -1 -1 -1 -1 -1 -1 -1 -1 -1 -1 -1 -1 -1 -1 -1 -1 -1 -1 -1 -1 -1 -1 -1 -1 -1 -1 -1 -1 -1 -1 -1 -1 -1 -1 -1 -1 -1 -1 -1 147 97 155 113 163 135 -1 -1 -1 -1 -1 -1 -1 -1 -1 -1 -1 -1 -1 -1 -1 -1 -1 -1 -1 -1 -1 -1 -1 -1 -1 -1 -1 -1 -1 -1 -1 -1 -1 -1 -1 -1 145 93 153 111 157 133 -1 -1 -1 -1 -1 -1 -1 -1 
Frame: 36
277 111 289 109 -1 -1 -1 -1 -1 -1 287 111 281 117 259 117 313 115 325 133 337 153 305 121 309 137 309 159 -1 -1 -1 -1 -1 -1 283 109 -1 -1 -1 -1 285 111 273 117 265 117 -1 -1 -1 -1 -1 -1 -1 -1 -1 -1 -1 -1 -1 -1 -1 -1 -1 -1 -1 -1 -1 -1 -1 -1 -1 -1 
Frame: 37
277 111 289 109 -1 -1 -1 -1 -1 -1 287 111 281 117 261 117 307 119 323 133 335 151 307 119 309 137 309 161 -1 -1 281 109 -1 -1 283 109 -1 -1 -1 -1 285 109 273 117 267 117 -1 -1 -1 -1 -1 -1 -1 -1 -1 -1 -1 -1 -1 -1 -1 -1 -1 -1 -1 -1 -1 -1 -1 -1 -1 -1 
Frame: 38
277 111 289 109 -1 -1 -1 -1 -1 -1 287 111 281 117 261 117 311 117 323 133 335 153 307 119 309 137 309 159 -1 -1 281 109 -1 -1 283 109 -1 -1 -1 -1 285 109 273 117 267 117 -1 -1 -1 -1 -1 -1 -1 -1 -1 -1 -1 -1 -1 -1 -1 -1 -1 -1 -1 -1 -1 -1 -1 -1 -1 -1 
Frame: 39
277 111 289 109 -1 -1 -1 -1 -1 -1 287 111 281 117 261 117 311 117 323 133 335 153 307 119 309 137 309 159 -1 -1 281 109 -1 -1 283 109 -1 -1 -1 -1 285 109 273 117 267 117 -1 -1 -1 -1 -1 -1 -1 -1 -1 -1 -1 -1 -1 -1 -1 -1 -1 -1 -1 -1 -1 -1 -1 -1 -1 -1 
Frame: 40
277 111 289 109 -1 -1 -1 -1 -1 -1 287 111 281 117 261 117 311 117 323 133 335 153 307 119 309 137 309 159 -1 -1 281 109 -1 -1 283 109 -1 -1 -1 -1 285 109 273 117 267 117 -1 -1 -1 -1 -1 -1 -1 -1 -1 -1 -1 -1 -1 -1 -1 -1 -1 -1 -1 -1 -1 -1 -1 -1 -1 -1 
Frame: 41
277 111 287 109 -1 -1 -1 -1 -1 -1 289 109 279 119 259 117 303 121 309 135 309 157 311 117 323 133 337 153 -1 -1 281 109 -1 -1 283 109 -1 -1 -1 -1 285 109 275 117 263 119 -1 -1 -1 -1 -1 -1 -1 -1 -1 -1 -1 -1 -1 -1 -1 -1 -1 -1 -1 -1 -1 -1 -1 -1 -1 -1 
Frame: 42
277 111 287 109 -1 -1 -1 -1 -1 -1 287 111 279 119 259 117 303 121 309 135 309 157 309 117 323 133 337 153 -1 -1 281 109 -1 -1 283 109 -1 -1 -1 -1 285 109 275 117 263 119 -1 -1 -1 -1 -1 -1 -1 -1 -1 -1 -1 -1 -1 -1 -1 -1 -1 -1 -1 -1 -1 -1 -1 -1 -1 -1 
Frame: 43
-1 -1 -1 -1 285 109 275 117 263 119 -1 -1 -1 -1 -1 -1 -1 -1 -1 -1 -1 -1 -1 -1 -1 -1 -1 -1 -1 -1 -1 -1 -1 -1 -1 -1 -1 -1 -1 -1 -1 -1 -1 -1 -1 -1 287 111 279 119 259 117 -1 -1 -1 -1 -1 -1 -1 -1 -1 -1 -1 -1 -1 -1 -1 -1 -1 -1 283 109 277 111 289 109 -1 -1 -1 -1 -1 -1 287 111 -1 -1 -1 -1 303 121 309 135 309 157 309 117 323 133 337 153 -1 -1 281 109 -1 -1 283 109 
Frame: 44
-1 -1 -1 -1 285 111 275 117 263 117 -1 -1 -1 -1 -1 -1 -1 -1 -1 -1 -1 -1 -1 -1 -1 -1 -1 -1 -1 -1 -1 -1 -1 -1 -1 -1 -1 -1 -1 -1 -1 -1 -1 -1 -1 -1 289 109 279 119 259 117 -1 -1 -1 -1 -1 -1 -1 -1 -1 -1 -1 -1 -1 -1 -1 -1 -1 -1 283 109 279 109 289 109 -1 -1 -1 -1 -1 -1 -1 -1 -1 -1 -1 -1 305 121 309 135 309 157 311 117 323 133 337 153 -1 -1 -1 -1 -1 -1 -1 -1 
Frame: 45
279 109 289 109 285 111 275 117 263 117 -1 -1 -1 -1 -1 -1 305 121 307 135 309 157 313 117 325 133 337 153 -1 -1 -1 -1 -1 -1 -1 -1 -1 -1 -1 -1 -1 -1 -1 -1 -1 -1 289 109 279 117 259 117 -1 -1 -1 -1 -1 -1 -1 -1 -1 -1 -1 -1 -1 -1 -1 -1 -1 -1 283 109 
Frame: 46
-1 -1 -1 -1 287 111 273 117 263 119 -1 -1 -1 -1 -1 -1 -1 -1 -1 -1 -1 -1 -1 -1 -1 -1 -1 -1 -1 -1 -1 -1 -1 -1 -1 -1 -1 -1 -1 -1 -1 -1 -1 -1 -1 -1 289 111 279 119 259 117 -1 -1 -1 -1 -1 -1 -1 -1 -1 -1 -1 -1 -1 -1 -1 -1 -1 -1 283 109 279 109 291 109 -1 -1 -1 -1 -1 -1 -1 -1 -1 -1 -1 -1 307 121 309 135 311 157 309 119 323 133 337 151 -1 -1 -1 -1 -1 -1 -1 -1 
Frame: 47
-1 -1 -1 -1 287 111 275 117 263 117 -1 -1 -1 -1 -1 -1 -1 -1 -1 -1 -1 -1 -1 -1 -1 -1 -1 -1 -1 -1 -1 -1 -1 -1 -1 -1 -1 -1 -1 -1 -1 -1 -1 -1 -1 -1 289 109 279 119 259 117 -1 -1 -1 -1 -1 -1 -1 -1 -1 -1 -1 -1 -1 -1 -1 -1 -1 -1 283 107 279 111 289 109 -1 -1 -1 -1 -1 -1 289 109 -1 -1 -1 -1 305 123 307 137 311 157 313 119 325 133 337 153 -1 -1 281 109 -1 -1 283 107 
Frame: 48
-1 -1 -1 -1 287 113 275 117 261 121 -1 -1 -1 -1 -1 -1 -1 -1 -1 -1 -1 -1 -1 -1 -1 -1 -1 -1 -1 -1 -1 -1 -1 -1 -1 -1 -1 -1 -1 -1 -1 -1 -1 -1 -1 -1 289 109 277 119 257 117 -1 -1 -1 -1 -1 -1 -1 -1 -1 -1 -1 -1 -1 -1 -1 -1 -1 -1 283 107 281 109 291 109 -1 -1 -1 -1 -1 -1 -1 -1 -1 -1 -1 -1 309 121 309 137 311 157 311 119 323 133 337 153 -1 -1 -1 -1 -1 -1 -1 -1 
Frame: 49
279 109 291 109 -1 -1 -1 -1 -1 -1 289 111 279 119 259 119 309 121 323 133 335 151 309 119 309 137 311 153 -1 -1 -1 -1 -1 -1 283 107 -1 -1 -1 -1 287 111 275 117 263 119 -1 -1 -1 -1 -1 -1 -1 -1 -1 -1 -1 -1 -1 -1 -1 -1 -1 -1 -1 -1 -1 -1 -1 -1 -1 -1 
Frame: 50
-1 -1 -1 -1 287 111 275 117 265 117 -1 -1 -1 -1 -1 -1 -1 -1 -1 -1 -1 -1 -1 -1 -1 -1 -1 -1 -1 -1 -1 -1 -1 -1 -1 -1 -1 -1 -1 -1 -1 -1 -1 -1 -1 -1 289 109 279 119 259 119 -1 -1 -1 -1 -1 -1 -1 -1 -1 -1 -1 -1 -1 -1 -1 -1 -1 -1 283 107 279 109 291 109 -1 -1 -1 -1 -1 -1 -1 -1 -1 -1 -1 -1 309 121 325 133 335 151 309 119 309 137 311 153 -1 -1 -1 -1 -1 -1 -1 -1 
Frame: 51
-1 -1 -1 -1 287 111 275 117 265 117 -1 -1 -1 -1 -1 -1 -1 -1 -1 -1 -1 -1 -1 -1 -1 -1 -1 -1 -1 -1 -1 -1 -1 -1 -1 -1 -1 -1 -1 -1 -1 -1 -1 -1 -1 -1 289 109 279 117 257 119 -1 -1 -1 -1 -1 -1 -1 -1 -1 -1 -1 -1 -1 -1 -1 -1 -1 -1 283 107 279 109 289 109 -1 -1 -1 -1 -1 -1 -1 -1 -1 -1 -1 -1 309 121 323 133 335 151 309 119 309 137 311 153 -1 -1 -1 -1 -1 -1 -1 -1 
Frame: 52
279 109 289 109 -1 -1 -1 -1 -1 -1 289 111 279 117 259 119 309 121 323 133 335 151 311 119 321 135 337 153 -1 -1 -1 -1 -1 -1 283 107 -1 -1 -1 -1 287 111 275 117 265 117 -1 -1 -1 -1 -1 -1 -1 -1 -1 -1 -1 -1 -1 -1 -1 -1 -1 -1 -1 -1 -1 -1 -1 -1 -1 -1 
Frame: 53
-1 -1 -1 -1 287 111 275 117 265 117 -1 -1 -1 -1 -1 -1 -1 -1 -1 -1 -1 -1 -1 -1 -1 -1 -1 -1 -1 -1 -1 -1 -1 -1 -1 -1 -1 -1 -1 -1 -1 -1 -1 -1 -1 -1 289 109 279 117 259 117 -1 -1 -1 -1 -1 -1 -1 -1 -1 -1 -1 -1 -1 -1 -1 -1 -1 -1 283 107 279 109 289 109 -1 -1 -1 -1 -1 -1 -1 -1 -1 -1 -1 -1 307 121 309 137 311 155 311 119 323 133 337 153 -1 -1 -1 -1 -1 -1 -1 -1 
Frame: 54
279 109 289 109 285 111 275 117 265 117 289 109 -1 -1 -1 -1 305 123 309 135 311 155 311 119 323 131 337 153 -1 -1 281 107 -1 -1 283 107 -1 -1 -1 -1 -1 -1 -1 -1 -1 -1 289 109 277 119 257 119 -1 -1 -1 -1 -1 -1 -1 -1 -1 -1 -1 -1 -1 -1 -1 -1 -1 -1 283 107 
Frame: 55
279 109 289 109 285 111 275 117 265 117 289 109 -1 -1 -1 -1 305 121 309 135 311 155 311 117 323 131 337 153 -1 -1 281 107 -1 -1 283 107 -1 -1 -1 -1 -1 -1 -1 -1 -1 -1 289 109 279 119 257 119 -1 -1 -1 -1 -1 -1 -1 -1 -1 -1 -1 -1 -1 -1 -1 -1 -1 -1 283 107 